           1           0         197          64   6.00000000    
     6.066     -2.019     1     0      6.710  2212  2212
     2.655     -2.150     2     0      6.459  2212  2212
     5.868      0.145     3     0      5.755  2212  2212
     6.329     -2.852     4     0      5.712  2212  2212
    -0.135      3.089     5     3      5.454     0  2212
     3.056      1.245     6     0      5.394  2212  2212
     0.537     -4.540     7     3      5.288     0  2212
    -1.551      0.889     8     3      5.169     0  2212
     1.928     -0.220     9     3      5.165     0  2212
     4.898      4.617    10     0      5.099  2212  2212
     1.166      2.737    11     3      4.842     0  2212
    10.688      3.501    12     0      4.760  2212  2212
     2.971      2.142    13     0      4.686  2212  2212
     5.866      0.998    14     0      4.630  2212  2212
     8.436     -0.096    15     0      4.522  2212  2212
     8.738      2.714    16     0      4.492  2212  2212
     4.869     -0.744    17     0      4.464  2212  2212
     3.234      2.734    18     0      4.285  2212  2212
     5.573      3.425    19     0      4.269  2212  2212
     6.298     -3.197    20     0      4.128  2212  2212
     1.430     -1.465    21     0      4.113  2212  2212
    -2.361     -1.649    22     3      4.094     0  2212
     7.897     -0.917    23     0      3.966  2212  2212
     2.463      4.250    24     0      3.898  2212  2212
    -0.338      3.081    25     3      3.895     0  2212
     4.119      2.840    26     0      3.828  2212  2212
     7.164     -2.334    27     0      3.817  2212  2212
    -1.538     -3.422    28     3      3.763     0  2212
     0.748      2.688    29     3      3.687     0  2212
     0.693     -1.119    30     3      3.397     0  2212
     4.833     -4.945    31     0      3.336  2212  2212
     3.388      2.154    32     0      3.271  2212  2212
     5.012      2.850    33     0      3.250  2212  2212
     1.687     -1.924    34     3      3.093     0  2212
     4.903      1.759    35     0      3.047  2212  2212
     7.439      3.334    36     0      2.986  2212  2212
    -1.938     -3.324    37     3      2.906     0  2212
     6.332     -1.136    38     0      2.822  2212  2212
     2.213      1.613    39     0      2.688  2212  2212
     8.124     -5.865    40     0      2.642  2212  2212
     0.182      3.892    41     3      2.481     0  2212
    -3.012     -1.261    42     3      2.478     0  2212
     4.417      0.178    43     0      2.464  2212  2212
     2.735     -3.795    44     0      2.426  2212  2212
    -0.897      0.249    45     3      2.386     0  2212
     3.777      0.382    46     0      2.307  2212  2212
     0.093      4.878    47     0      2.261  2212  2212
     9.202     -2.376    48     0      2.237  2212  2212
     3.838      3.149    49     0      2.207  2212  2212
     5.547      2.644    50     0      2.153  2212  2212
     7.871      0.081    51     0      2.037  2212  2212
     4.202     -1.477    52     0      2.031  2212  2212
     1.207      6.533    53     0      2.029  2212  2212
     1.699      2.545    54     0      1.999  2212  2212
     6.802      4.282    55     0      1.946  2212  2212
    -2.213      2.457    56     3      1.834     0  2212
     2.114      4.818    57     0      1.791  2212  2212
    -0.339     -0.559    58     3      1.744     0  2212
     0.512      4.552    59     3      1.742     0  2212
     4.392     -3.416    60     0      1.705  2212  2212
     9.078      3.851    61     0      1.694  2212  2212
     1.064     -2.642    62     3      1.678     0  2212
     1.992     -3.423    63     0      1.661  2212  2212
     2.088     -5.955    64     0      1.626  2212  2212
     6.591     -4.076    65     0      1.602  2212  2212
     4.316     -0.777    66     0      1.594  2212  2212
     5.571     -1.466    67     0      1.591  2212  2212
     0.997      3.984    68     0      1.498  2212  2212
    -1.811      0.861    69     3      1.414     0  2212
     7.076      0.549    70     0      1.321  2212  2212
     1.295     -0.939    71     3      1.291     0  2212
     2.889     -0.890    72     0      1.286  2212  2212
     7.503      0.543    73     0      1.246  2212  2212
     5.342      0.417    74     0      1.181  2212  2212
     4.138     -2.510    75     0      1.124  2212  2212
     7.765      1.803    76     0      1.118  2212  2212
     2.891     -3.246    77     0      1.084  2212  2212
     8.351      0.373    78     0      1.083  2212  2212
     5.670     -5.251    79     0      1.053  2212  2212
     2.636     -3.988    80     0      1.002  2112  2112
     3.458     -2.926    81     0      0.931  2112  2112
     3.291     -4.798    82     0      0.929  2112  2112
     9.115     -3.022    83     0      0.902  2112  2112
     7.300     -2.567    84     0      0.899  2112  2112
     8.548     -3.004    85     0      0.866  2112  2112
     7.688      0.114    86     0      0.863  2112  2112
     1.333     -0.898    87     0      0.861  2112  2112
    -3.104     -1.840    88     3      0.850     0  2112
    -0.536     -1.138    89     3      0.840     0  2212
     0.198      4.473    90     3      0.839     0  2112
     1.615     -4.157    91     0      0.767  2112  2112
     4.060     -1.455    92     0      0.569  2112  2112
     4.537      4.205    93     0      0.560  2112  2112
    -2.962      2.173    94     3      0.533     0  2112
    -0.763     -3.758    95     3      0.522     0  2112
     5.748      2.494    96     0      0.496  2112  2112
    -1.877      3.652    97     3      0.490     0  2112
     4.057     -5.686    98     0      0.312  2112  2112
     5.022      1.019    99     0      0.181  2112  2112
     5.594     -3.208   100     0      0.149  2112  2112
     2.614     -3.722   101     0      0.128  2112  2112
     6.017      2.526   102     0      0.100  2112  2112
     4.814     -1.367   103     0     -0.010  2112  2112
     7.332     -2.281   104     0     -0.013  2112  2112
    -1.639     -3.021   105     1     -0.047  2112  2112
    -1.986      1.922   106     3     -0.082     0  2112
     2.229      5.091   107     0     -0.167  2112  2112
     3.227      6.488   108     0     -0.215  2112  2112
    -2.731      1.915   109     3     -0.246     0  2112
     4.164     -2.797   110     0     -0.250  2112  2112
     3.111     -1.923   111     0     -0.319  2112  2112
    -1.738      4.242   112     3     -0.333     0  2112
    -0.612     -4.092   113     0     -0.380  2112  2112
     0.855     -3.354   114     0     -0.387  2112  2112
     5.484      1.304   115     0     -0.490  2112  2112
     0.265     -0.861   116     3     -0.506     0  2112
     1.474      0.972   117     3     -0.540     0  2112
     4.692     -5.513   118     0     -0.540  2112  2112
     4.026      1.049   119     0     -0.553  2112  2112
     0.225      2.638   120     3     -0.577     0  2112
     4.081     -3.871   121     0     -0.600  2112  2112
     6.428     -1.533   122     0     -0.631  2112  2112
     2.884      0.577   123     0     -0.633  2112  2112
     3.193      2.961   124     0     -0.659  2112  2112
     8.113     -5.017   125     0     -0.724  2112  2112
     4.665     -4.669   126     0     -0.816  2112  2112
     4.138      2.162   127     0     -0.867  2112  2112
    -1.288      0.550   128     3     -1.044     0  2112
     2.596     -3.904   129     0     -1.053  2112  2112
     7.304     -3.200   130     0     -1.084  2112  2112
    -1.390      3.817   131     3     -1.098     0  2112
     5.805     -2.244   132     0     -1.263  2112  2112
    -2.526     -1.685   133     3     -1.292     0  2112
     6.375     -0.683   134     0     -1.298  2112  2112
     4.841     -5.438   135     0     -1.443  2112  2112
     2.200      3.637   136     0     -1.461  2112  2112
     9.568     -0.510   137     0     -1.480  2112  2112
     1.893     -2.387   138     0     -1.523  2112  2112
     3.074      7.492   139     0     -1.535  2112  2112
     3.761      1.631   140     0     -1.587  2112  2112
     6.691     -0.389   141     0     -1.655  2112  2112
     4.104     -5.497   142     0     -1.691  2112  2112
     1.498      2.716   143     3     -1.855     0  2112
     0.737      0.478   144     3     -1.873     0  2112
     4.355     -2.270   145     0     -1.969  2112  2112
    -0.533     -2.978   146     3     -1.973     0  2112
    -3.002      1.092   147     3     -2.038     0  2112
    -2.125      1.943   148     3     -2.063     0  2112
     4.312     -5.092   149     0     -2.105  2112  2112
     6.247     -2.320   150     0     -2.105  2112  2112
    -1.535      2.302   151     3     -2.186     0  2112
    -0.123      3.361   152     3     -2.199     0  2112
     8.189     -1.336   153     0     -2.200  2112  2112
     1.360      5.386   154     3     -2.210     0  2112
     3.025     -4.914   155     0     -2.257  2112  2112
    -0.332      4.408   156     3     -2.297     0  2112
     6.200     -1.679   157     0     -2.482  2112  2112
     8.559      1.603   158     0     -2.504  2112  2112
     5.198      1.393   159     0     -2.511  2112  2112
     2.066     -3.777   160     0     -2.528  2112  2112
     1.700      3.397   161     0     -2.561  2112  2112
     4.639      5.149   162     0     -2.570  2112  2112
    -2.839      1.705   163     3     -2.623     0  2112
     8.669     -3.399   164     0     -2.690  2112  2112
    -2.719     -0.516   165     3     -2.754     0  2112
    -0.116     -5.601   166     0     -2.834  2112  2112
     6.562      4.538   167     0     -2.844  2112  2112
     5.504     -1.923   168     0     -2.855  2112  2112
     3.828      2.507   169     0     -2.919  2112  2112
     2.738      1.195   170     0     -2.992  2112  2112
     5.169      2.206   171     0     -3.106  2112  2112
     0.823      0.435   172     3     -3.404     0  2112
    -0.908     -1.196   173     3     -3.444     0  2112
     4.906      4.295   174     0     -3.495  2112  2112
     5.881     -6.465   175     0     -3.518  2112  2112
     6.826     -3.253   176     0     -3.595  2112  2112
    -0.647      5.319   177     0     -3.612  2112  2112
    -1.747      3.102   178     3     -3.781     0  2112
    -0.364      1.796   179     3     -3.835     0  2112
     7.052      0.916   180     0     -3.850  2112  2112
    -2.213     -2.434   181     3     -4.001     0  2112
     3.116     -1.474   182     0     -4.059  2112  2112
     3.493     -1.621   183     0     -4.113  2112  2112
     4.090      0.412   184     0     -4.226  2112  2112
     3.380     -0.893   185     0     -4.406  2112  2112
     6.153     -0.386   186     0     -4.534  2112  2112
     5.209      3.158   187     0     -4.661  2112  2112
     8.048     -0.871   188     0     -4.782  2112  2112
     4.581      2.071   189     0     -4.884  2112  2112
     3.197      0.292   190     3     -5.204     0  2112
     3.563      3.119   191     0     -5.301  2112  2112
     3.657     -6.352   192     0     -5.482  2112  2112
     2.121     -1.078   193     3     -5.556     0  2112
     4.367     -3.326   194     0     -5.563  2112  2112
     1.144     -0.532   195     0     -5.596  2112  2112
    -1.069      2.403   196     3     -5.684     0  2112
     4.905      2.038   197     0     -7.190  2112  2112
    -5.780     -4.798    -1     0     -4.561  2212  2212
    -6.441      2.932    -2     0     -4.170  2212  2212
    -3.155      1.056    -3     2     -3.724  2212  2212
    -1.122     -0.950    -4     3     -3.634     0  2212
    -2.066      0.591    -5     3     -3.544     0  2212
    -0.676     -0.649    -6     3     -3.303     0  2212
    -3.948     -0.951    -7     3     -2.751     0  2212
    -4.058      2.129    -8     3     -2.562     0  2212
    -3.480     -2.235    -9     3     -2.499     0  2212
    -2.126     -0.280   -10     3     -2.463     0  2212
    -2.569      1.067   -11     3     -2.180     0  2212
    -0.258     -1.896   -12     3     -2.079     0  2212
    -1.492      0.210   -13     3     -2.075     0  2212
     0.015     -0.496   -14     3     -2.010     0  2212
    -2.611     -0.740   -15     3     -1.792     0  2212
    -7.347     -0.972   -16     0     -1.776  2212  2212
    -3.922      1.027   -17     3     -1.776     0  2212
    -4.753      3.246   -18     0     -1.502  2212  2212
    -3.653     -0.133   -19     3     -1.272     0  2212
    -6.237     -1.485   -20     0     -1.225  2212  2212
    -1.086     -3.423   -21     3     -1.164     0  2212
    -6.496      2.551   -22     0     -1.121  2212  2212
     0.989      5.278   -23     3     -1.010     0  2212
    -5.166      2.777   -24     0     -0.989  2212  2212
    -4.867      0.616   -25     0     -0.974  2212  2212
    -4.114     -4.062   -26     0     -0.904  2212  2212
    -3.281     -0.228   -27     3     -0.877     0  2212
    -0.332     -1.992   -28     3     -0.868     0  2112
     0.442      1.479   -29     3     -0.750     0  2212
    -6.970     -0.038   -30     0     -0.731  2112  2112
    -2.746      0.826   -31     3     -0.698     0  2112
    -5.036     -2.708   -32     0     -0.605  2112  2112
    -0.804     -0.181   -33     3     -0.449     0  2112
     0.125      0.386   -34     3     -0.366     0  2112
    -2.579     -1.071   -35     3      0.181     0  2112
    -0.253     -1.207   -36     3      0.207     0  2112
    -0.585      1.146   -37     3      0.222     0  2112
     0.154      2.671   -38     3      0.321     0  2112
    -2.510     -4.747   -39     3      0.474     0  2112
    -0.076      3.127   -40     3      0.481     0  2112
    -0.225      0.644   -41     3      0.536     0  2112
    -3.542      3.734   -42     0      0.600  2112  2112
    -4.191      0.761   -43     3      0.747     0  2112
    -5.319     -2.489   -44     0      1.012  2112  2112
    -0.958     -4.873   -45     3      1.076     0  2112
    -0.947     -0.906   -46     3      1.146     0  2112
    -1.367      1.694   -47     3      1.171     0  2112
    -3.952     -0.813   -48     0      1.238  2112  2112
    -3.843      3.384   -49     3      1.421     0  2112
    -8.291     -0.765   -50     0      1.506  2112  2112
    -6.015      1.726   -51     0      1.715  2112  2112
    -5.045     -0.317   -52     0      1.790  2112  2112
    -2.724      4.234   -53     3      1.992     0  2112
    -2.445     -1.719   -54     3      2.056     0  2112
    -0.004      2.395   -55     3      2.296     0  2112
    -4.723      4.110   -56     0      2.523  2112  2112
    -5.115      0.707   -57     0      2.691  2112  2112
    -2.442     -0.364   -58     3      2.710     0  2112
    -2.059      2.501   -59     3      2.880     0  2112
    -1.910      3.358   -60     3      3.481     0  2112
    -2.713     -0.493   -61     3      3.777     0  2112
    -3.741      1.370   -62     3      4.133     0  2112
    -0.843      1.024   -63     3      4.955     0  2112
    -3.367      1.856   -64     3      5.624     0  2112
