0.0807379      0.0985223
0.0918304      0.0669316
0.212157      0.198133
0.139792      0.0171157
0.161014      0.151315
0.0555417      0.114688
0.167163      0.223977
0.0902133      0.0300335
0.502425      0.555133
0.101218      0.0174144
0.545001      0.20571
0.344821      0.363498
0.079777      0.167433
0.433979      0.612538
0.268112      0.214828
0.3318      0.265036
0.297771      0.242613
0.149059      0.172443
0.398036      0.275084
0.648678      0.0483436
0.356032      0.366692
0.13892      0.0596599
0.362774      0.361976
0.168613      0.346461
0.344905      0.150215
0.468558      0.228913
0.199408      0.0363318
0.440061      0.255526
0.475596      0.110113
0.658254      0.262217
0.100233      0.544483
0.795136      0.370995
0.481075      0.234042
0.4903      0.429794
0.134127      0.128352
0.354817      0.0835937
0.664003      0.604023
0.654516      0.181049
0.42842      0.157819
0.168336      0.213161
0.188382      0.0471118
0.0602612      0.0734199
0.282335      0.294312
0.166199      0.0112879
0.199616      0.191302
0.175245      0.401596
0.0416994      0.267976
0.113933      0.0735498
0.320058      0.38792
0.310004      0.0509056
