           1           0         197         197
    21    0.164    0.100     -0.400  0.000     0.98    -2.23  0.  0.   1
    21    1.841   -0.173      1.300  0.000     0.98    -2.23  0.  0.   1
    21   -0.952   -0.324      3.457  0.000     0.98    -2.23  0.  0.   1
    21   -0.038   -0.409      4.263  0.000     0.98    -2.23  0.  0.   1
    21   -0.381    0.147      5.525  0.000     0.98    -2.23  0.  0.   1
    21    1.115    0.257     17.681  0.000     0.98    -2.23  0.  0.   1
    21    0.752   -0.279      3.148  0.000     0.98    -2.23  0.  0.   1
    21   -1.134    0.902     -2.340  0.000     0.98    -2.23  0.  0.   1
    21   -0.944    1.097     -0.147  0.000     0.98    -2.23  0.  0.   1
    21    0.021   -0.352      0.098  0.000     1.93     1.64  0.  0.   1
    21   -0.919    0.623      1.197  0.000     1.93     1.64  0.  0.   1
    21    2.233   -2.084      6.506  0.000     1.93     1.64  0.  0.   1
    21    0.448    0.390      1.045  0.000     1.93     1.64  0.  0.   1
    21   -0.482   -0.205     -0.678  0.000     1.93     1.64  0.  0.   1
    21    1.003    0.458      0.313  0.000     1.07    -3.31  0.  0.   1
    21   -0.349    1.525     19.153  0.000     1.27    -0.20  0.  0.   1
    21    0.465   -0.278     -0.406  0.000     1.27    -0.20  0.  0.   1
    21   -1.436   -0.428     -0.497  0.000     1.27    -0.20  0.  0.   1
    21    0.072    0.012     -1.365  0.000     1.27    -0.20  0.  0.   1
    21    0.005   -2.190      7.003  0.000     1.71    -1.22  0.  0.   1
    21   -0.261   -0.112      0.621  0.000     1.71    -1.22  0.  0.   1
    21   -0.402    0.483      0.902  0.000     1.71    -1.22  0.  0.   1
    21    0.604    0.760      3.313  0.000     1.71    -1.22  0.  0.   1
    21    0.505    2.202      3.567  0.000     1.71    -1.22  0.  0.   1
    21   -0.418    3.300      7.065  0.000     1.71    -1.22  0.  0.   1
    21    0.199   -1.002     -0.828  0.000     1.71    -1.22  0.  0.   1
    21   -2.229   -0.546      0.815  0.000     1.71    -1.22  0.  0.   1
    21   -1.676   -1.738      0.034  0.000     1.71    -1.22  0.  0.   1
    21    0.262    0.939      0.507  0.000    -2.21    -0.20  0.  0.   1
    21   -0.672   -1.667      1.754  0.000    -2.21    -0.20  0.  0.   1
    21   -0.444   -0.089     -0.782  0.000    -2.21    -0.20  0.  0.   1
    21    0.089   -0.691     -0.386  0.000    -2.21    -0.20  0.  0.   1
    21    0.044    0.148      0.167  0.000    -2.21    -0.20  0.  0.   1
    21    0.845    0.467     -4.303  0.000    -2.21    -0.20  0.  0.   1
    21   -0.351    1.794     -8.317  0.000    -2.21    -0.20  0.  0.   1
    21   -0.329   -0.496     -0.787  0.000    -2.21    -0.20  0.  0.   1
    21    0.416   -0.423      3.333  0.000    -2.21    -0.20  0.  0.   1
    21   -0.804    1.035      5.467  0.000    -2.21    -0.20  0.  0.   1
    21   -0.304   -1.470      4.261  0.000    -2.21    -0.20  0.  0.   1
    21   -0.637    0.125      0.812  0.000    -2.21    -0.20  0.  0.   1
    21   -1.051   -0.054      4.576  0.000     0.60    -1.19  0.  0.   1
    21    0.738   -1.288      0.240  0.000     0.60    -1.19  0.  0.   1
    21    0.292   -1.115      1.811  0.000     0.60    -1.19  0.  0.   1
    21    1.173   -0.080      3.348  0.000     0.60    -1.19  0.  0.   1
    21   -0.688   -0.177      2.852  0.000     0.60    -1.19  0.  0.   1
    21    0.105   -0.026      0.279  0.000     0.60    -1.19  0.  0.   1
     2   -1.310    1.598     -1.274  0.006     0.60    -1.19  0.  0.   1
    -2    1.040    1.443     -0.928  0.006     0.60    -1.19  0.  0.   1
    21   -1.010    0.877     17.635  0.000     3.81     2.78  0.  0.   1
    21   -0.590   -0.620      0.849  0.000     3.81     2.78  0.  0.   1
    21   -0.447    0.347     -0.539  0.000     3.81     2.78  0.  0.   1
    21    0.368   -0.728     -0.895  0.000     3.81     2.78  0.  0.   1
    21    0.449    1.067      1.888  0.000     1.62    -0.54  0.  0.   1
    21   -0.283    0.331      1.212  0.000     2.58    -1.52  0.  0.   1
    21    1.215    0.467      1.910  0.000    -1.93     0.70  0.  0.   1
    21   -0.634   -0.372      0.494  0.000    -1.93     0.70  0.  0.   1
    21    0.858   -0.251      0.776  0.000     2.15    -0.72  0.  0.   1
    21   -0.224   -0.173      0.242  0.000     2.15    -0.72  0.  0.   1
    21    0.460   -0.506      0.690  0.000     2.15    -0.72  0.  0.   1
    21    0.953    0.915      1.277  0.000     2.15    -0.72  0.  0.   1
    21    0.646    0.697      1.359  0.000     0.75    -3.07  0.  0.   1
    21   -0.044   -0.135      4.103  0.000     0.75    -3.07  0.  0.   1
    21   -0.312   -0.161      0.082  0.000     0.75    -3.07  0.  0.   1
    21    0.233   -0.052      1.764  0.000     0.75    -3.07  0.  0.   1
    21   -2.348    0.954     10.781  0.000     0.75    -3.07  0.  0.   1
    21   -0.309    0.210     -0.193  0.000     0.75    -3.07  0.  0.   1
    21   -0.526   -0.408      0.407  0.000     1.24     2.32  0.  0.   1
    21   -0.469    0.556      4.918  0.000     1.24     2.32  0.  0.   1
    21   -0.146    0.230      0.186  0.000     1.24     2.32  0.  0.   1
    21   -1.099   -0.410      1.657  0.000     1.24     2.32  0.  0.   1
    21    0.041    0.114      0.415  0.000     2.15     2.63  0.  0.   1
    21    1.100    2.289     -2.497  0.000     2.15     2.63  0.  0.   1
    21    1.052    0.288     -0.965  0.000     2.15     2.63  0.  0.   1
    21    0.067   -0.273      0.873  0.000     2.15     2.63  0.  0.   1
    21    0.175   -0.210     -0.023  0.000     2.15     2.63  0.  0.   1
    21   -0.568   -0.151      0.819  0.000     2.15     2.63  0.  0.   1
    21    0.307    0.388      1.617  0.000     2.15     2.63  0.  0.   1
    21   -0.185    0.807      0.278  0.000     2.15     2.63  0.  0.   1
    21   -0.165   -0.787      1.821  0.000     2.15     2.63  0.  0.   1
    21   -0.805    0.359      0.942  0.000     2.15     2.63  0.  0.   1
    21    0.464   -0.003      3.250  0.000    -0.56    -3.08  0.  0.   1
    21   -1.217    0.634     10.185  0.000    -0.56    -3.08  0.  0.   1
    21    0.022    0.379      0.717  0.000    -0.56    -3.08  0.  0.   1
    21   -1.510   -0.875      4.301  0.000    -0.56    -3.08  0.  0.   1
    21   -0.004    0.181      1.459  0.000    -0.56    -3.08  0.  0.   1
    21   -0.109   -0.884     -0.303  0.000    -0.56    -3.08  0.  0.   1
    21   -1.038   -0.373     -2.194  0.000    -0.56    -3.08  0.  0.   1
    21    0.101   -0.157      0.121  0.000    -0.56    -3.08  0.  0.   1
    21    0.381   -0.278      1.118  0.000    -0.56    -3.08  0.  0.   1
    21   -1.482    1.948      8.548  0.000    -0.56    -3.08  0.  0.   1
    21   -0.376   -0.534      2.711  0.000    -0.56    -3.08  0.  0.   1
    21    0.561   -0.434      7.229  0.000    -0.56    -3.08  0.  0.   1
    21    2.319   -0.254      6.008  0.000    -0.86     1.63  0.  0.   1
     4   -2.029   -0.277      3.089  1.350    -0.86     1.63  0.  0.   1
    -4   -0.876   -1.639      1.372  1.350    -0.86     1.63  0.  0.   1
     3   -0.653   -1.583     15.067  0.199    -0.86     1.63  0.  0.   1
    -3   -0.336    1.147     36.415  0.199    -0.86     1.63  0.  0.   1
    21   -0.525    0.053      1.133  0.000     2.03    -0.07  0.  0.   1
    21    0.818   -0.570      4.052  0.000     2.03    -0.07  0.  0.   1
    21   -1.228    0.470     14.542  0.000     2.03    -0.07  0.  0.   1
    21    0.742    0.457      3.442  0.000     2.03    -0.07  0.  0.   1
    21    0.992   -0.641     -1.416  0.000     2.03    -0.07  0.  0.   1
    21   -0.899    0.376     -1.445  0.000     2.03    -0.07  0.  0.   1
    21   -0.001    0.566     -1.275  0.000     0.62    -1.25  0.  0.   1
    21   -1.588   -0.070      4.300  0.000     0.62    -1.25  0.  0.   1
    21    1.090   -0.362      5.318  0.000     0.62    -1.25  0.  0.   1
    21   -0.584    0.396      4.036  0.000     0.62    -1.25  0.  0.   1
    21   -0.388   -0.841     21.351  0.000     0.62    -1.25  0.  0.   1
    21   -1.414    0.707      1.930  0.000     0.62    -1.25  0.  0.   1
    21   -1.900    0.919      0.964  0.000     0.62    -1.25  0.  0.   1
    21   -0.301    1.666      0.293  0.000     0.62    -1.25  0.  0.   1
    21   -0.792   -0.778      9.883  0.000     2.48     3.46  0.  0.   1
    21   -0.190    0.274      0.472  0.000     2.48     3.46  0.  0.   1
    21    0.894    0.108      0.014  0.000     2.48     3.46  0.  0.   1
    21   -0.859    1.020      7.815  0.000     2.48     3.46  0.  0.   1
    21    0.487   -0.024      0.386  0.000     2.48     3.46  0.  0.   1
    21    0.144   -0.378      0.181  0.000     2.48     3.46  0.  0.   1
    21   -1.151   -1.411     -0.390  0.000     2.48     3.46  0.  0.   1
    21   -1.487   -0.543      0.149  0.000     2.48     3.46  0.  0.   1
    21   -0.427    0.271     -0.229  0.000     2.48     3.46  0.  0.   1
    21   -1.152    0.160      1.735  0.000     2.24    -0.65  0.  0.   1
    21   -0.231    0.591      2.461  0.000     2.24    -0.65  0.  0.   1
    21    0.860   -0.862      3.164  0.000     2.24    -0.65  0.  0.   1
     2    0.945   -0.988      8.203  0.006     2.24    -0.65  0.  0.   1
    -2    2.333    0.561     16.846  0.006     2.24    -0.65  0.  0.   1
    21   -0.501   -0.505      0.603  0.000     2.24    -0.65  0.  0.   1
    21   -0.296    0.969      3.011  0.000    -1.96    -3.80  0.  0.   1
    21   -0.407   -0.821      1.944  0.000    -1.96    -3.80  0.  0.   1
    21    0.734   -0.532      7.598  0.000    -1.96    -3.80  0.  0.   1
    21   -0.830    0.398      0.132  0.000    -1.96    -3.80  0.  0.   1
    21    1.074   -0.586      2.990  0.000    -1.96    -3.80  0.  0.   1
    21    2.927    1.942     14.321  0.000    -1.96    -3.80  0.  0.   1
    21   -0.502    0.783      2.598  0.000    -0.21     4.93  0.  0.   1
    21    1.416   -0.373      7.643  0.000    -0.21     4.93  0.  0.   1
    21    0.541   -1.919     15.206  0.000    -0.21     4.93  0.  0.   1
    21   -0.132   -0.078      0.283  0.000    -0.21     4.93  0.  0.   1
    21    2.979   -1.214     -1.827  0.000    -0.21     4.93  0.  0.   1
    21    0.901   -0.357     -1.818  0.000    -0.21     4.93  0.  0.   1
    21    0.784   -0.894      6.827  0.000    -0.21     4.93  0.  0.   1
    21   -4.143    0.443      5.414  0.000    -0.21     4.93  0.  0.   1
    21   -0.731    0.230      0.931  0.000    -0.21     4.93  0.  0.   1
    21    0.051   -0.102      3.215  0.000    -0.21     4.93  0.  0.   1
    21   -0.123    0.554      0.263  0.000     2.46     2.52  0.  0.   1
    21   -0.197    1.298     -1.138  0.000     2.46     2.52  0.  0.   1
    21    0.294   -0.046     -1.100  0.000     2.46     2.52  0.  0.   1
    21   -0.787   -0.808      2.186  0.000     2.46     2.52  0.  0.   1
    21   -0.577    0.530      1.765  0.000     2.46     2.52  0.  0.   1
    21   -0.055    0.321      5.007  0.000     2.46     2.52  0.  0.   1
    21   -0.451   -0.064      1.613  0.000    -1.83     0.88  0.  0.   1
    21   -1.608    1.202      0.762  0.000    -1.83     0.88  0.  0.   1
    21   -0.315    0.602     -0.071  0.000    -1.83     0.88  0.  0.   1
    21   -0.244    0.108      0.428  0.000    -1.83     0.88  0.  0.   1
    21   -0.677    2.005     -0.169  0.000    -1.83     0.88  0.  0.   1
    21   -0.336    1.254     -1.295  0.000    -1.83     0.88  0.  0.   1
    21    0.150   -1.356      4.355  0.000    -1.83     0.88  0.  0.   1
    21    0.276    0.485      1.472  0.000    -1.83     0.88  0.  0.   1
    21   -0.919    0.297     15.690  0.000    -0.13    -0.52  0.  0.   1
    21   -0.043   -0.516      0.399  0.000    -0.13    -0.52  0.  0.   1
    21    0.549   -0.973      6.901  0.000    -0.13    -0.52  0.  0.   1
    21   -0.370   -0.954     22.454  0.000    -0.13    -0.52  0.  0.   1
    21   -0.106    0.762      2.962  0.000    -0.13    -0.52  0.  0.   1
    21    1.691    2.377     12.024  0.000    -0.13    -0.52  0.  0.   1
    21   -2.002   -0.276      4.523  0.000    -0.13    -0.52  0.  0.   1
    21    0.111    0.035     13.344  0.000     0.34     2.53  0.  0.   1
    21    1.056    0.787      9.762  0.000     0.34     2.53  0.  0.   1
     3    0.436   -2.065      3.200  0.199     0.34     2.53  0.  0.   1
    -3   -0.506   -0.586      1.080  0.199     0.34     2.53  0.  0.   1
    21   -0.316    0.276      0.379  0.000     0.34     2.53  0.  0.   1
    21    0.147    0.054     -0.263  0.000     0.34     2.53  0.  0.   1
    21   -2.070   -2.416     13.350  0.000     0.41     3.11  0.  0.   1
    21    0.515   -0.148      2.534  0.000     0.41     3.11  0.  0.   1
    21   -0.212    0.205      0.451  0.000     0.41     3.11  0.  0.   1
    21   -0.032   -0.033     -0.041  0.000     0.41     3.11  0.  0.   1
    21   -0.439    1.336     12.669  0.000     0.54    -4.07  0.  0.   1
    21    1.065   -0.977      2.864  0.000     0.54    -4.07  0.  0.   1
    21    1.150    1.059      7.997  0.000     0.54    -4.07  0.  0.   1
     3    0.496    0.281      3.509  0.199     0.54    -4.07  0.  0.   1
    -3   -0.814    1.467     13.279  0.199     0.54    -4.07  0.  0.   1
    21    0.856   -0.964      1.590  0.000     0.54    -4.07  0.  0.   1
    21   -0.178   -0.511      1.732  0.000     0.54    -4.07  0.  0.   1
    21   -0.151    2.337      6.304  0.000     3.06    -6.82  0.  0.   1
    21    0.177   -1.899     -0.532  0.000     3.06    -6.82  0.  0.   1
    21    0.935   -0.033      0.034  0.000     3.06    -6.82  0.  0.   1
    21   -0.660    0.085     -0.607  0.000     3.06    -6.82  0.  0.   1
    21   -0.329   -1.467     -0.084  0.000     3.06    -6.82  0.  0.   1
    21   -0.715   -0.608      3.954  0.000     3.06    -6.82  0.  0.   1
     1    0.868    1.378     -0.027  0.010     3.06    -6.82  0.  0.   1
    -1   -2.614   -2.900      0.234  0.010     3.06    -6.82  0.  0.   1
    21   -1.105    0.423      4.587  0.000     3.06    -6.82  0.  0.   1
    21    0.351   -1.070      4.573  0.000     0.44    -2.57  0.  0.   1
    21    0.403   -0.683      1.816  0.000     0.44    -2.57  0.  0.   1
    21    1.168    0.420      1.883  0.000     0.44    -2.57  0.  0.   1
    21    0.674    0.228     -0.138  0.000     0.44    -2.57  0.  0.   1
    21   -0.149    0.553     -1.162  0.000     0.44    -2.57  0.  0.   1
    21   -0.570    3.215     -1.450  0.000     0.44    -2.57  0.  0.   1
    21   -0.365   -1.707      2.256  0.000     0.44    -2.57  0.  0.   1
    21    1.078   -0.900     11.102  0.000     2.12     1.73  0.  0.   1
    21    0.648   -0.894     -2.152  0.000     2.12     1.73  0.  0.   1
    21    0.669    2.886      1.257  0.000     2.12     1.73  0.  0.   1
    21   -0.535    0.669      0.048  0.000     2.12     1.73  0.  0.   1
    21   -0.980    0.589      4.237  0.000     2.12     1.73  0.  0.   1
    21   -0.872   -0.181      0.647  0.000     2.12     1.73  0.  0.   1
    21   -0.277    0.567      2.331  0.000     2.12     1.73  0.  0.   1
    21    0.171    1.312     10.497  0.000     2.12     1.73  0.  0.   1
    21   -0.287   -0.121     -0.221  0.000     2.12     1.73  0.  0.   1
    21    0.822    2.223     -1.703  0.000     2.12     1.73  0.  0.   1
    21   -0.280   -0.006      0.093  0.000     2.12     1.73  0.  0.   1
    21   -1.412   -0.030      3.196  0.000     2.12     1.73  0.  0.   1
    21   -0.599   -0.273      0.015  0.000     2.12     1.73  0.  0.   1
    21   -0.077   -0.233      0.233  0.000     1.68    -1.72  0.  0.   1
    21    1.525    2.058      1.424  0.000     1.68    -1.72  0.  0.   1
    21    0.186   -0.253     -0.094  0.000     1.68    -1.72  0.  0.   1
    21    0.757    0.566     -0.354  0.000    -1.78     0.98  0.  0.   1
    21    1.699   -0.418     -0.877  0.000    -1.78     0.98  0.  0.   1
    21    2.712   -0.131      6.156  0.000     0.28    -2.73  0.  0.   1
    21   -0.543   -0.229      0.711  0.000     0.28    -2.73  0.  0.   1
     4   -1.836    3.340      0.649  1.350     0.28    -2.73  0.  0.   1
    -4   -1.266   -0.027     -0.136  1.350     0.28    -2.73  0.  0.   1
    21    3.220    0.966     28.376  0.000    -0.03    -1.08  0.  0.   1
    21    0.851    0.483      1.986  0.000    -0.03    -1.08  0.  0.   1
    21   -0.482   -0.106     -0.111  0.000    -0.03    -1.08  0.  0.   1
    21   -2.036    0.488     -5.714  0.000    -0.03    -1.08  0.  0.   1
    21   -0.033   -0.398      0.287  0.000    -0.03    -1.08  0.  0.   1
    21   -0.046    0.134      1.024  0.000    -0.03    -1.08  0.  0.   1
    21    0.601   -0.097      1.527  0.000    -0.03    -1.08  0.  0.   1
    21    2.222    2.061      3.386  0.000    -0.03    -1.08  0.  0.   1
    21    0.284   -0.060     -0.053  0.000     2.15     2.97  0.  0.   1
    21    0.700    0.453      0.671  0.000     2.15     2.97  0.  0.   1
    21    0.084   -0.780      6.690  0.000     2.15     2.97  0.  0.   1
    21    0.697    0.396      1.300  0.000     2.15     2.97  0.  0.   1
    21   -0.844   -0.207      0.974  0.000     2.15     2.97  0.  0.   1
    21    0.796    1.059      7.385  0.000     2.15     2.97  0.  0.   1
    21    0.038   -0.158      0.947  0.000     2.15     2.97  0.  0.   1
    21   -1.129    0.417     -0.795  0.000     2.15     2.97  0.  0.   1
    21   -0.229    0.502      0.445  0.000     2.15     2.97  0.  0.   1
    21    0.023   -0.546      0.346  0.000     2.15     2.97  0.  0.   1
    21   -1.784    0.100      2.418  0.000     2.15     2.97  0.  0.   1
    21   -0.767   -1.113     10.660  0.000     3.34    -0.63  0.  0.   1
    21    0.691   -0.102      9.060  0.000     3.34    -0.63  0.  0.   1
    21   -0.029   -0.254      0.467  0.000     3.34    -0.63  0.  0.   1
    21   -0.275    0.532      3.578  0.000     3.34    -0.63  0.  0.   1
    21    0.510   -0.721      5.587  0.000     3.34    -0.63  0.  0.   1
    21   -0.262   -0.933      7.100  0.000     3.34    -0.63  0.  0.   1
    21    0.021    1.050      1.476  0.000     1.59    -0.02  0.  0.   1
    21    0.843   -1.262      4.708  0.000     1.75     1.00  0.  0.   1
    21    0.537    0.775      4.489  0.000     1.75     1.00  0.  0.   1
    21   -0.157   -0.599      0.513  0.000     1.75     1.00  0.  0.   1
    21   -0.280   -1.652      0.011  0.000     1.75     1.00  0.  0.   1
    21    2.117   -2.935      1.449  0.000     1.75     1.00  0.  0.   1
    21   -1.597   -0.749     -1.060  0.000    -5.96     0.70  0.  0.   1
    21    0.703   -1.038     -2.142  0.000    -5.96     0.70  0.  0.   1
    21    0.544   -1.246     -0.668  0.000     1.62     3.26  0.  0.   2
    21    0.385   -2.918     -4.290  0.000     1.62     3.26  0.  0.   2
    21   -0.270   -0.321     -0.264  0.000     1.62     3.26  0.  0.   2
    21    2.323   -0.909     -0.149  0.000     1.62     3.26  0.  0.   2
    21    0.307    0.464      0.427  0.000     1.62     3.26  0.  0.   2
    21   -0.250   -0.156      0.149  0.000     1.62     3.26  0.  0.   2
    21   -0.545    0.237     -1.007  0.000    -0.44     3.35  0.  0.   2
    21    0.582    0.227     -1.105  0.000    -1.71    -0.68  0.  0.   2
    21   -2.963   -1.707    -24.746  0.000    -1.71    -0.68  0.  0.   2
    21    0.957    1.299     -4.177  0.000     2.32     3.26  0.  0.   2
    21    0.137   -0.095      0.062  0.000     2.08     2.16  0.  0.   2
    21    0.871    1.283     -3.505  0.000     2.08     2.16  0.  0.   2
    21    1.006   -0.635     -2.509  0.000     2.08     2.16  0.  0.   2
    21   -0.045   -0.021      0.261  0.000     2.08     2.16  0.  0.   2
    21    0.135    0.617     -2.139  0.000     2.08     2.16  0.  0.   2
    21    0.195   -0.252     -0.318  0.000     2.08     2.16  0.  0.   2
    21   -0.049    0.367      0.157  0.000     2.08     2.16  0.  0.   2
    21   -1.925   -1.410     12.782  0.000     2.08     2.16  0.  0.   2
    21    4.525   -2.906     23.664  0.000     2.08     2.16  0.  0.   2
    21    0.832    0.707     -0.178  0.000     2.08     2.16  0.  0.   2
    21    0.159    0.051     -1.673  0.000     2.08     2.16  0.  0.   2
    21   -1.419    0.575      0.250  0.000     2.08     2.16  0.  0.   2
    21   -3.966    0.589     -3.057  0.000     2.08     2.16  0.  0.   2
    21   -0.489    0.402     -1.106  0.000     2.08     2.16  0.  0.   2
    21    0.613   -0.419     -4.567  0.000     2.08     2.16  0.  0.   2
    21    1.082   -0.027     -3.323  0.000     1.50     0.21  0.  0.   2
    21   -1.305   -1.012     -4.622  0.000     1.50     0.21  0.  0.   2
     4   -3.093   -0.835    -10.683  1.350     1.50     0.21  0.  0.   2
    -4    0.790    2.052     -5.109  1.350     1.50     0.21  0.  0.   2
    21   -0.394   -0.413     -0.042  0.000     1.50     0.21  0.  0.   2
    21   -0.499    0.037      0.240  0.000     1.50     0.21  0.  0.   2
    21   -0.277   -0.158      0.374  0.000     1.50     0.21  0.  0.   2
    21    0.876    0.717      0.430  0.000     1.50     0.21  0.  0.   2
    21    0.407    1.992      0.056  0.000     1.50     0.21  0.  0.   2
    21   -1.816   -0.569     -0.149  0.000     1.50     0.21  0.  0.   2
    21   -0.223   -0.977     -3.252  0.000     1.50     0.21  0.  0.   2
    21   -1.101    0.417     -1.006  0.000    -0.12    -1.33  0.  0.   2
    21    0.076   -0.632     -2.822  0.000    -0.12    -1.33  0.  0.   2
    21    0.386    0.671     -1.266  0.000    -0.12    -1.33  0.  0.   2
    21    0.335    0.042     -0.262  0.000     1.19    -1.33  0.  0.   2
    21    0.886   -0.244     -2.418  0.000     1.19    -1.33  0.  0.   2
    21   -1.596   -1.419    -12.557  0.000     1.19    -1.33  0.  0.   2
    21   -0.057    0.870     -2.898  0.000     1.19    -1.33  0.  0.   2
    21    0.574    0.664    -16.087  0.000     1.19    -1.33  0.  0.   2
    21   -1.083   -1.401     -2.718  0.000     1.19    -1.33  0.  0.   2
    21   -0.334    0.195     -1.852  0.000     1.19    -1.33  0.  0.   2
    21   -1.756   -1.692     -1.056  0.000     1.19    -1.33  0.  0.   2
    21   -0.925    1.819     -3.143  0.000     1.19    -1.33  0.  0.   2
    21   -0.545   -0.649     -0.132  0.000     1.19    -1.33  0.  0.   2
    21   -6.148   -0.960      2.657  0.000     1.19    -1.33  0.  0.   2
    21    0.492    1.245     -2.686  0.000     1.19    -1.33  0.  0.   2
    21    0.350   -0.593      0.260  0.000    -1.28     4.62  0.  0.   2
    21    0.053   -0.382      0.325  0.000    -1.28     4.62  0.  0.   2
    21    0.828    0.425     -1.512  0.000    -1.28     4.62  0.  0.   2
    21    0.203   -0.175     -3.866  0.000    -1.28     4.62  0.  0.   2
    21   -1.057    0.175     -5.700  0.000    -1.28     4.62  0.  0.   2
    21    0.412    0.250     -1.136  0.000    -1.28     4.62  0.  0.   2
    21   -0.278    2.213     -6.495  0.000     0.17    -1.38  0.  0.   2
    21    0.174    0.090     -0.061  0.000     0.17    -1.38  0.  0.   2
    21    0.549   -0.228      1.880  0.000     0.17    -1.38  0.  0.   2
    21   -0.673   -1.326      8.467  0.000     0.17    -1.38  0.  0.   2
    21    0.710   -0.273      1.213  0.000     0.17    -1.38  0.  0.   2
    21   -1.116   -0.200     -3.249  0.000     0.17    -1.38  0.  0.   2
    21   -0.376    0.277     -2.342  0.000     0.17    -1.38  0.  0.   2
    21    1.971   -0.661    -15.419  0.000     0.17    -1.38  0.  0.   2
    21    0.524    0.001     -0.472  0.000     0.17    -1.38  0.  0.   2
    21    0.631   -1.103     -4.884  0.000     0.17    -1.38  0.  0.   2
    21    0.553   -0.609    -10.246  0.000     0.17    -1.38  0.  0.   2
    21    0.585    0.060     -0.729  0.000     0.17    -1.38  0.  0.   2
    21   -0.624    0.200     -1.721  0.000     0.17    -1.38  0.  0.   2
    21    0.482   -1.137     -3.286  0.000     1.63     2.32  0.  0.   2
    21    1.005    0.203     -2.360  0.000     1.07    -0.54  0.  0.   2
    21    0.487   -0.573     -3.870  0.000     1.07    -0.54  0.  0.   2
    21    0.691   -0.934     -3.062  0.000     1.07    -0.54  0.  0.   2
    21   -0.151   -0.430      1.427  0.000     1.07    -0.54  0.  0.   2
    21    2.903   -7.057      4.123  0.000     1.07    -0.54  0.  0.   2
    21    1.168    2.328     -1.391  0.000     1.07    -0.54  0.  0.   2
    21    0.014    0.035    -20.743  0.000     1.07    -0.54  0.  0.   2
    21    0.668    0.756     -9.809  0.000     1.07    -0.54  0.  0.   2
    21   -0.266    0.033     -1.110  0.000     1.07    -0.54  0.  0.   2
    21   -0.014   -0.331     -0.595  0.000     1.07    -0.54  0.  0.   2
    21    0.012    0.204     -0.285  0.000     1.07    -0.54  0.  0.   2
    21   -0.244    0.394     -0.269  0.000     1.07    -0.54  0.  0.   2
    21   -3.577   -1.716     -1.560  0.000     1.07    -0.54  0.  0.   2
    21    0.552   -0.008     -0.094  0.000     2.63     1.73  0.  0.   2
    21    0.264    0.002      0.785  0.000     2.63     1.73  0.  0.   2
    21    1.626   -1.603      0.876  0.000     2.63     1.73  0.  0.   2
    21   -0.908    0.620      0.338  0.000     2.63     1.73  0.  0.   2
    21    0.321    0.262     -5.028  0.000     2.63     1.73  0.  0.   2
    21   -0.540   -0.645     -3.527  0.000     2.63     1.73  0.  0.   2
    21   -0.973   -0.958     -1.964  0.000     2.76     0.88  0.  0.   2
    21    0.901    0.020     -2.574  0.000     2.76     0.88  0.  0.   2
    21   -0.163   -0.089      0.155  0.000     2.76     0.88  0.  0.   2
    21    3.855    2.706      1.111  0.000     2.76     0.88  0.  0.   2
    21    1.161    1.129      1.098  0.000     2.76     0.88  0.  0.   2
    21   -0.877    0.106     -0.895  0.000     0.69    -1.15  0.  0.   2
    21    0.068   -3.221     -1.483  0.000     0.69    -1.15  0.  0.   2
    21    0.017    0.162      0.063  0.000     0.69    -1.15  0.  0.   2
    21    0.625    1.340     -8.044  0.000     0.69    -1.15  0.  0.   2
    21   -0.160   -0.097    -12.159  0.000     0.69    -1.15  0.  0.   2
    21   -0.357    0.109     -0.137  0.000     0.69    -1.15  0.  0.   2
    21    0.706    0.575     -1.145  0.000     0.69    -1.15  0.  0.   2
    21    3.190    0.523     -1.782  0.000     0.69    -1.15  0.  0.   2
    21    0.323   -0.289     -0.108  0.000     0.69    -1.15  0.  0.   2
    21   -1.104   -1.395     -3.149  0.000     0.69    -1.15  0.  0.   2
    21    0.515   -1.396     -5.550  0.000     0.69    -1.15  0.  0.   2
    21   -0.697    0.337     -2.012  0.000     0.69    -1.15  0.  0.   2
    21   -0.063    0.172     -4.709  0.000     0.69    -1.15  0.  0.   2
    21    1.911   -1.546      4.680  0.000     0.69    -1.15  0.  0.   2
    21    0.311   -0.222     -4.365  0.000    -0.14    -4.48  0.  0.   2
    21   -0.641   -1.066     -9.325  0.000    -0.14    -4.48  0.  0.   2
    21   -0.186   -0.478     -1.273  0.000     2.21     1.41  0.  0.   2
    21    0.281    0.864     -0.996  0.000     2.21     1.41  0.  0.   2
    21   -0.671    0.030     -1.787  0.000     2.21     1.41  0.  0.   2
    21    0.843   -0.543     -3.616  0.000     2.21     1.41  0.  0.   2
    21    1.381    0.230    -15.083  0.000     2.21     1.41  0.  0.   2
    21    0.515   -0.613     -3.982  0.000     2.21     1.41  0.  0.   2
     3    2.815    2.341      2.558  0.199     2.21     1.41  0.  0.   2
    -3   -0.077   -0.176      0.065  0.199     2.21     1.41  0.  0.   2
    21    0.523    0.834     -1.687  0.000     2.21     1.41  0.  0.   2
    21   -0.021    0.905     -2.809  0.000     2.21     1.41  0.  0.   2
    21   -1.160    0.770     -0.468  0.000     2.21     1.41  0.  0.   2
    21    0.318   -0.529     -7.294  0.000     1.00    -0.04  0.  0.   2
    21    1.741   -0.131     -5.545  0.000     1.00    -0.04  0.  0.   2
    21    0.764   -0.424     -1.136  0.000     1.10     1.51  0.  0.   2
    21    0.471   -4.028     -4.163  0.000     1.10     1.51  0.  0.   2
    21   -0.019    0.420     -0.510  0.000     1.10     1.51  0.  0.   2
    21    0.576   -0.240     -1.290  0.000     1.10     1.51  0.  0.   2
    21   -0.217    0.546     -4.095  0.000     1.10     1.51  0.  0.   2
    21    0.689    1.315    -13.920  0.000     1.10     1.51  0.  0.   2
    21   -0.908    0.187    -11.140  0.000     2.68    -6.87  0.  0.   2
    21    0.476    0.129     -0.022  0.000     2.68    -6.87  0.  0.   2
    21    0.746    0.770      0.039  0.000     2.68    -6.87  0.  0.   2
    21    1.320    1.769      7.906  0.000     2.68    -6.87  0.  0.   2
    21    0.545   -0.162      1.214  0.000     2.68    -6.87  0.  0.   2
    21   -0.270   -0.100      0.389  0.000     2.68    -6.87  0.  0.   2
    21   -1.369   -0.744      0.442  0.000    -0.40    -4.98  0.  0.   2
    21    0.151   -0.412     -0.143  0.000    -0.40    -4.98  0.  0.   2
    21    0.605   -0.014     -0.959  0.000    -0.40    -4.98  0.  0.   2
    21   -0.286   -0.709     -4.670  0.000    -0.40    -4.98  0.  0.   2
    21    0.954   -0.489     -0.131  0.000    -0.40    -4.98  0.  0.   2
    21    1.604   -0.150     -6.517  0.000    -1.21    -1.94  0.  0.   2
    21   -1.156    0.725     -3.884  0.000    -1.21    -1.94  0.  0.   2
    21   -1.218   -0.355     -7.884  0.000    -1.21    -1.94  0.  0.   2
    21    0.552   -0.712     -6.222  0.000    -1.21    -1.94  0.  0.   2
    21   -0.085   -0.745     -1.472  0.000    -1.21    -1.94  0.  0.   2
    21   -0.760   -0.024     -5.836  0.000    -1.21    -1.94  0.  0.   2
    21    0.821   -0.839     -3.276  0.000    -1.21    -1.94  0.  0.   2
    21   -1.350   -1.616     -0.136  0.000     0.00    -3.07  0.  0.   2
    21    2.040   -1.386      2.373  0.000     0.00    -3.07  0.  0.   2
    21    0.043   -0.515      1.348  0.000     0.00    -3.07  0.  0.   2
    21    0.338    0.978      0.888  0.000     0.00    -3.07  0.  0.   2
    21   -0.567    0.579      0.231  0.000     0.19     2.08  0.  0.   2
    21    0.558   -0.789     -1.722  0.000     0.19     2.08  0.  0.   2
    21    1.384   -0.330     -2.629  0.000     0.19     2.08  0.  0.   2
    21    0.226   -0.408     -0.288  0.000     0.19     2.08  0.  0.   2
    21   -0.275   -0.192     -4.578  0.000     0.19     2.08  0.  0.   2
    21   -0.017    0.215     -0.265  0.000     0.19     2.08  0.  0.   2
    21   -0.323    0.414     -8.647  0.000     0.19     2.08  0.  0.   2
    21   -0.027   -0.611     -2.169  0.000     0.19     2.08  0.  0.   2
    21    0.323    1.720    -18.987  0.000     2.71     3.30  0.  0.   2
    21   -3.458    0.951    -10.470  0.000     2.71     3.30  0.  0.   2
    21   -0.592   -0.024     -2.998  0.000     2.71     3.30  0.  0.   2
    21    1.055    0.710     -5.584  0.000     2.71     3.30  0.  0.   2
    21    0.363   -0.085     -5.496  0.000     2.71     3.30  0.  0.   2
    21   -2.196    0.020     -9.734  0.000     2.71     3.30  0.  0.   2
    21    0.913   -0.969     -8.701  0.000     2.71     3.30  0.  0.   2
    21    0.284   -0.270      4.678  0.000     2.71     3.30  0.  0.   2
    21    2.483    0.702      7.276  0.000     2.71     3.30  0.  0.   2
    21   -2.345    0.668     -4.694  0.000    -6.56     2.34  0.  0.   2
    21    0.982    0.112     -1.954  0.000     0.90     1.01  0.  0.   2
    21    0.583    0.254     -2.293  0.000     0.90     1.01  0.  0.   2
    21   -0.665    1.060    -12.981  0.000     3.21    -2.05  0.  0.   2
    21    0.229    0.378      0.006  0.000     0.01    -2.41  0.  0.   2
    21    0.285   -0.667     -3.621  0.000     0.01    -2.41  0.  0.   2
    21    0.425    0.063     -4.691  0.000     0.01    -2.41  0.  0.   2
    21   -0.100   -0.815     -1.977  0.000     0.01    -2.41  0.  0.   2
    21    0.369    0.052     -0.218  0.000     0.01    -2.41  0.  0.   2
    21   -1.114    0.617     -1.638  0.000     0.01    -2.41  0.  0.   2
    21    0.833   -1.034     -1.411  0.000     0.01    -2.41  0.  0.   2
    21   -0.222   -0.055      0.303  0.000     0.01    -2.41  0.  0.   2
    21    0.408    0.903     -3.429  0.000     0.01    -2.41  0.  0.   2
    21   -0.178   -0.350     -1.160  0.000     0.01    -2.41  0.  0.   2
    21    0.163    2.475     -5.151  0.000     0.01    -2.41  0.  0.   2
    21   -2.091   -1.257     -5.760  0.000     0.01    -2.41  0.  0.   2
    21    0.136   -1.112     -1.415  0.000     0.01    -2.41  0.  0.   2
     1    0.234   -0.588     -0.004  0.010     0.01    -2.41  0.  0.   2
    -1    4.101   -0.453     -4.864  0.010     0.01    -2.41  0.  0.   2
    21   -0.139   -0.075     -0.213  0.000    -0.60    -0.96  0.  0.   2
    21    3.103   -4.027      1.763  0.000    -0.60    -0.96  0.  0.   2
    21    0.876    0.565     -0.448  0.000    -0.60    -0.96  0.  0.   2
    21   -2.823   -0.593     -3.872  0.000    -0.60    -0.96  0.  0.   2
    21   -0.947    1.306     -2.092  0.000    -0.60    -0.96  0.  0.   2
    21    0.069    0.638     -2.117  0.000    -0.60    -0.96  0.  0.   2
    21   -1.094    0.475     -2.181  0.000    -0.60    -0.96  0.  0.   2
    21    1.008   -0.593     -1.879  0.000    -0.60    -0.96  0.  0.   2
    21    1.722   -0.779    -14.320  0.000    -1.08     3.97  0.  0.   2
    21   -0.377   -0.181     -3.826  0.000    -1.08     3.97  0.  0.   2
    21   -0.720   -0.935     -7.720  0.000    -1.08     3.97  0.  0.   2
    21   -0.101   -0.139     -0.238  0.000    -1.08     3.97  0.  0.   2
    21    0.208   -0.132     -1.491  0.000    -1.08     3.97  0.  0.   2
    21    0.029   -0.952     -3.010  0.000    -2.46     2.61  0.  0.   2
    21    0.378   -0.544     -3.523  0.000    -2.46     2.61  0.  0.   2
    21   -0.522   -1.790     -4.426  0.000    -2.46     2.61  0.  0.   2
    21    0.157   -0.004     -0.071  0.000    -2.46     2.61  0.  0.   2
    21   -0.042   -0.456      0.012  0.000    -2.46     2.61  0.  0.   2
    21    2.518   -1.007     -1.312  0.000    -2.46     2.61  0.  0.   2
    21    0.888   -0.329     -4.171  0.000    -2.46     2.61  0.  0.   2
    21   -0.297    0.011      0.364  0.000    -0.67    -2.48  0.  0.   2
    21   -0.247   -0.678      1.573  0.000    -0.67    -2.48  0.  0.   2
    21    1.292   -1.798      6.689  0.000    -0.67    -2.48  0.  0.   2
    21    0.480   -0.472      0.639  0.000    -0.67    -2.48  0.  0.   2
    21   -0.105   -0.003     -0.052  0.000    -0.67    -2.48  0.  0.   2
    21   -0.709    0.881    -15.898  0.000    -0.67    -2.48  0.  0.   2
    21    0.479   -0.329     -1.867  0.000    -1.30     1.71  0.  0.   2
    21   -0.625    0.890     -6.779  0.000    -1.30     1.71  0.  0.   2
    21   -0.456   -0.379      0.458  0.000    -1.30     1.71  0.  0.   2
    21   -1.757    0.335      8.022  0.000    -1.30     1.71  0.  0.   2
    21   -0.613    0.508     -0.068  0.000    -1.30     1.71  0.  0.   2
    21    0.244   -0.081     -2.834  0.000    -1.30     1.71  0.  0.   2
    21    1.514   -0.764     -1.679  0.000    -1.30     1.71  0.  0.   2
    21    1.152   -0.169     -8.778  0.000    -1.30     1.71  0.  0.   2
    21    0.322   -0.362     -3.831  0.000    -1.30     1.71  0.  0.   2
    21   -1.102    0.052     -4.033  0.000    -1.30     1.71  0.  0.   2
    21   -1.154    0.763    -12.424  0.000    -1.30     1.71  0.  0.   2
    21   -0.032    0.532    -15.535  0.000    -1.30     1.71  0.  0.   2
    21   -0.115   -0.613     -5.687  0.000    -1.30     1.71  0.  0.   2
    21   -0.124   -0.508      0.295  0.000     0.59    -2.40  0.  0.   2
    21   -1.270   -0.415     -4.789  0.000     0.59    -2.40  0.  0.   2
    21   -0.790    0.716     -3.022  0.000     0.59    -2.40  0.  0.   2
    21   -0.825   -0.067      1.255  0.000    -0.33     0.08  0.  0.   2
    21   -0.799   -0.057     -2.264  0.000    -0.33     0.08  0.  0.   2
    21   -2.135    0.157     16.836  0.000    -0.33     0.08  0.  0.   2
    21    0.109   -0.315     -0.122  0.000    -0.33     0.08  0.  0.   2
    21   -0.389    1.101     -2.978  0.000    -0.33     0.08  0.  0.   2
    21    0.921   -0.227     -8.684  0.000    -0.33     0.08  0.  0.   2
    21   -1.423   -0.444     -4.364  0.000     1.66    -0.65  0.  0.   2
    21    0.735   -2.137      4.012  0.000     1.66    -0.65  0.  0.   2
    21    1.069    0.681      1.296  0.000     1.66    -0.65  0.  0.   2
    21   -0.636   -0.431     -1.600  0.000     1.66    -0.65  0.  0.   2
    21   -0.479    0.822     -3.523  0.000     1.66    -0.65  0.  0.   2
    21    0.514    0.366     -0.583  0.000     1.66    -0.65  0.  0.   2
     4   -1.707    0.325     -1.496  1.350     1.08    -1.78  0.  0.   3
    21    0.019   -0.777     -0.682  0.000     1.08    -1.78  0.  0.   3
    21    0.258    0.691     -2.534  0.000     1.08    -1.78  0.  0.   3
    21   -0.597   -0.270     -6.478  0.000     1.08    -1.78  0.  0.   3
    21    0.677   -1.537      0.111  0.000     1.08    -1.78  0.  0.   3
    -4    0.947    0.706      1.042  1.350     1.08    -1.78  0.  0.   3
    21    0.701   -1.103      6.463  0.000     1.20    -1.56  0.  0.   3
    21   -0.727    0.243     -2.228  0.000     1.20    -1.56  0.  0.   3
    21   -0.347   -0.064    -13.709  0.000     1.20    -1.56  0.  0.   3
    21   -0.347    0.307     -0.754  0.000     1.20    -1.56  0.  0.   3
    21    0.256    2.255      7.507  0.000     1.20    -1.56  0.  0.   3
    21   -0.732   -2.052      0.846  0.000     1.20    -1.56  0.  0.   3
    21    0.558    0.489      0.678  0.000     1.20    -1.56  0.  0.   3
    21    0.958   -0.284     -0.116  0.000     1.20    -1.56  0.  0.   3
    21    0.128    0.528      0.167  0.000     1.17    -0.37  0.  0.   3
    21   -0.217    0.030      0.007  0.000     1.17    -0.37  0.  0.   3
    21   -0.284   -2.636      4.987  0.000     1.17    -0.37  0.  0.   3
    21   -1.016   -0.647      0.889  0.000     1.17    -0.37  0.  0.   3
    21   -2.217    0.878      5.567  0.000     1.17    -0.37  0.  0.   3
    21   -0.182   -0.382     -2.545  0.000     1.17    -0.37  0.  0.   3
    21   -0.686    0.665     -4.285  0.000     1.17    -0.37  0.  0.   3
    21   -0.120    0.053     -0.286  0.000    -0.92     3.55  0.  0.   3
    21   -0.091   -0.273      0.272  0.000    -0.92     3.55  0.  0.   3
    21   -2.806   -1.036     20.534  0.000    -0.92     3.55  0.  0.   3
    21   -0.581    0.443      1.747  0.000    -0.92     3.55  0.  0.   3
    21    0.715    0.490      0.455  0.000    -0.92     3.55  0.  0.   3
    21   -0.433    0.710     -0.178  0.000    -0.92     3.55  0.  0.   3
    21    0.395   -0.468     -0.869  0.000    -0.92     3.55  0.  0.   3
    21   -0.246    0.132     -0.127  0.000    -0.92     3.55  0.  0.   3
    21    1.280   -0.032     -4.543  0.000    -0.92     3.55  0.  0.   3
    21    0.685   -1.697     -3.731  0.000    -0.92     3.55  0.  0.   3
    21   -1.597   -0.264     -0.129  0.000    -0.92     3.55  0.  0.   3
    21    1.447   -0.216     -3.670  0.000    -0.92     3.55  0.  0.   3
    21   -0.014    0.389      0.545  0.000     3.48     1.98  0.  0.   3
    21   -0.560    1.087     -7.799  0.000     3.48     1.98  0.  0.   3
    21    0.116   -0.331     -0.345  0.000     3.48     1.98  0.  0.   3
    21    0.229    1.378     -5.670  0.000     3.48     1.98  0.  0.   3
    21    0.924   -0.834      1.580  0.000     3.48     1.98  0.  0.   3
    21    1.241   -0.683     17.118  0.000     3.48     1.98  0.  0.   3
    21   -0.171    0.313      0.409  0.000     3.48     1.98  0.  0.   3
    21   -1.004   -1.178      0.481  0.000     3.48     1.98  0.  0.   3
    21    0.563    0.567     -0.120  0.000     3.48     1.98  0.  0.   3
    21   -0.751   -0.569     -0.966  0.000     3.48     1.98  0.  0.   3
    21   -0.884   -0.570      4.745  0.000    -2.41     0.73  0.  0.   3
    21    0.975   -1.085      3.199  0.000    -2.41     0.73  0.  0.   3
    21   -2.219   -0.021      7.411  0.000    -2.41     0.73  0.  0.   3
    21   -0.364   -0.166      4.065  0.000    -2.41     0.73  0.  0.   3
    21   -0.028    1.367      0.157  0.000    -2.41     0.73  0.  0.   3
    21    0.381    1.372      1.855  0.000    -2.41     0.73  0.  0.   3
    21   -0.058   -1.468     -1.691  0.000    -2.41     0.73  0.  0.   3
    21    1.504   -2.712     -1.408  0.000    -2.41     0.73  0.  0.   3
    21    0.599    0.144     -0.738  0.000    -2.41     0.73  0.  0.   3
    21    0.670    1.585     -9.752  0.000    -2.41     0.73  0.  0.   3
    21    0.551   -0.072     -1.124  0.000    -2.41     0.73  0.  0.   3
    21   -0.978    0.571     -4.736  0.000    -2.41     0.73  0.  0.   3
    21    0.260   -0.445      0.188  0.000    -0.23    -5.32  0.  0.   3
    21   -0.904   -0.178     -0.163  0.000    -0.23    -5.32  0.  0.   3
    21    0.029    0.256      0.012  0.000    -0.23    -5.32  0.  0.   3
    21   -0.434   -1.962      6.313  0.000    -0.23    -5.32  0.  0.   3
    21    0.856   -0.235      2.055  0.000    -0.23    -5.32  0.  0.   3
    21   -0.307   -0.007      0.239  0.000    -0.23    -5.32  0.  0.   3
    21    0.143    0.945      3.018  0.000    -0.23    -5.32  0.  0.   3
    21   -0.369    0.226      8.383  0.000    -0.23    -5.32  0.  0.   3
    21   -2.919    1.468     -9.534  0.000    -0.23    -5.32  0.  0.   3
    21   -0.421    0.703     -0.476  0.000    -0.23    -5.32  0.  0.   3
    21    0.608   -0.156     -3.287  0.000    -0.23    -5.32  0.  0.   3
     3   -0.442    1.514      2.661  0.199    -2.94    -1.99  0.  0.   3
    21    0.464   -0.702     -2.824  0.000    -2.94    -1.99  0.  0.   3
    21    0.833   -0.201     -0.730  0.000    -2.94    -1.99  0.  0.   3
    21   -0.281    1.095     -5.191  0.000    -2.94    -1.99  0.  0.   3
    21    0.108   -0.759     -1.784  0.000    -2.94    -1.99  0.  0.   3
    21   -1.433    0.478     -8.346  0.000    -2.94    -1.99  0.  0.   3
    21   -0.156    0.716     -0.503  0.000    -2.94    -1.99  0.  0.   3
    21    0.056   -0.202      0.030  0.000    -2.94    -1.99  0.  0.   3
    21    0.915   -1.030     -2.698  0.000    -2.94    -1.99  0.  0.   3
    21    1.459   -5.317     -8.859  0.000    -2.94    -1.99  0.  0.   3
    21    0.514    0.012     -1.011  0.000    -2.94    -1.99  0.  0.   3
    21   -1.206   -0.258      2.728  0.000    -2.94    -1.99  0.  0.   3
    21   -0.557    0.393      4.246  0.000    -2.94    -1.99  0.  0.   3
    21   -1.765    1.655      6.744  0.000    -2.94    -1.99  0.  0.   3
    -3    1.423    2.963      1.996  0.199    -2.94    -1.99  0.  0.   3
    21    0.379    0.539      0.861  0.000     2.49    -6.89  0.  0.   3
    21   -0.065    0.276      4.640  0.000     2.49    -6.89  0.  0.   3
    21   -0.428    2.435      9.433  0.000     2.49    -6.89  0.  0.   3
    21   -0.425   -1.335      7.187  0.000     2.49    -6.89  0.  0.   3
    21    2.935    0.400     13.526  0.000     2.49    -6.89  0.  0.   3
    21    0.136    0.312     -1.424  0.000     2.49    -6.89  0.  0.   3
    21   -1.113   -1.121     -5.648  0.000     2.49    -6.89  0.  0.   3
    21    0.372   -0.116      0.017  0.000     2.49    -6.89  0.  0.   3
    21    0.361   -1.565    -21.969  0.000     2.49    -6.89  0.  0.   3
    21    0.621    0.485     -3.556  0.000     2.49    -6.89  0.  0.   3
    21    0.486    0.563    -29.902  0.000     2.49    -6.89  0.  0.   3
     3   -0.019    1.510     -1.056  0.199    -0.09     4.86  0.  0.   3
    21    0.309   -0.306      5.786  0.000    -0.09     4.86  0.  0.   3
    21    0.451   -0.757     -6.031  0.000    -0.09     4.86  0.  0.   3
    21   -0.033    0.318     -5.479  0.000    -0.09     4.86  0.  0.   3
    21   -2.509   -1.983     -1.347  0.000    -0.09     4.86  0.  0.   3
    21   -0.861    0.187     -0.451  0.000    -0.09     4.86  0.  0.   3
    21    0.603    0.987     -5.023  0.000    -0.09     4.86  0.  0.   3
    21   -0.244    0.936     -1.976  0.000    -0.09     4.86  0.  0.   3
    -3   -0.096   -1.869     -0.951  0.199    -0.09     4.86  0.  0.   3
     1    2.674    1.671     -0.171  0.010     1.54    -0.16  0.  0.   3
    21   -0.146    0.353     -1.485  0.000     1.54    -0.16  0.  0.   3
    21    0.940   -1.544     -2.803  0.000     1.54    -0.16  0.  0.   3
    21    0.745    0.400     -0.677  0.000     1.54    -0.16  0.  0.   3
    21   -0.138    0.168      0.280  0.000     1.54    -0.16  0.  0.   3
    21   -0.759   -0.363     -3.643  0.000     1.54    -0.16  0.  0.   3
    21   -0.314   -1.300      5.575  0.000     1.54    -0.16  0.  0.   3
    21   -1.681    0.406     19.534  0.000     1.54    -0.16  0.  0.   3
    21   -0.096    0.604      1.205  0.000     1.54    -0.16  0.  0.   3
    21    0.125    0.168      0.403  0.000     1.54    -0.16  0.  0.   3
    -1   -0.892   -0.333     -0.536  0.010     1.54    -0.16  0.  0.   3
    21    0.449    0.995     20.524  0.000     0.47     5.41  0.  0.   3
    21    0.528   -0.346      1.035  0.000     0.47     5.41  0.  0.   3
    21    0.298    0.226      0.319  0.000     0.47     5.41  0.  0.   3
    21   -2.456   -2.368      8.445  0.000     0.47     5.41  0.  0.   3
    21    2.438    3.894     -6.892  0.000     0.47     5.41  0.  0.   3
    21   -0.505   -0.781     -4.517  0.000     0.47     5.41  0.  0.   3
     4   -3.408   -1.998      7.736  1.350    -0.37    -4.69  0.  0.   3
    21   -0.160    1.134      0.849  0.000    -0.37    -4.69  0.  0.   3
    21    0.760   -0.005      2.225  0.000    -0.37    -4.69  0.  0.   3
    21    1.238    0.584     -3.457  0.000    -0.37    -4.69  0.  0.   3
    21   -0.130   -0.120     -1.479  0.000    -0.37    -4.69  0.  0.   3
    21    0.703   -0.170     -0.074  0.000    -0.37    -4.69  0.  0.   3
    21    0.221   -0.117      0.364  0.000    -0.37    -4.69  0.  0.   3
    21   -0.414    0.321      0.083  0.000    -0.37    -4.69  0.  0.   3
    -4    0.851   -0.118     -1.511  1.350    -0.37    -4.69  0.  0.   3
    21    0.102   -0.223     -2.659  0.000    -2.44     1.05  0.  0.   3
    21   -0.011    0.468     -0.226  0.000    -2.44     1.05  0.  0.   3
    21   -1.398   -2.855     -0.619  0.000    -2.44     1.05  0.  0.   3
    21    0.327   -0.144     -0.510  0.000    -2.44     1.05  0.  0.   3
    21    3.639    1.342     -2.197  0.000    -2.44     1.05  0.  0.   3
    21   -0.194    0.349     -0.278  0.000    -2.44     1.05  0.  0.   3
    21    1.896    0.605      3.241  0.000    -2.44     1.05  0.  0.   3
    21    0.573   -0.434      1.903  0.000    -2.44     1.05  0.  0.   3
    21    0.102    0.339      2.312  0.000    -2.44     1.05  0.  0.   3
     1   -3.590   -2.250      2.081  0.010    -1.04     0.08  0.  0.   3
    21    0.045   -0.758     16.235  0.000    -1.04     0.08  0.  0.   3
    21    0.087    0.543     -9.809  0.000    -1.04     0.08  0.  0.   3
    21    0.282    1.012      3.110  0.000    -1.04     0.08  0.  0.   3
    21    1.311    1.044     -0.812  0.000    -1.04     0.08  0.  0.   3
    21   -0.246   -0.403     -0.664  0.000    -1.04     0.08  0.  0.   3
    21   -0.124   -0.140      0.833  0.000    -1.04     0.08  0.  0.   3
    -1    1.987   -0.235    -12.167  0.010    -1.04     0.08  0.  0.   3
    21    0.910   -0.746      5.146  0.000    -7.19     1.18  0.  0.   3
    21    1.028   -1.217      9.948  0.000    -7.19     1.18  0.  0.   3
    21    1.285    0.558      3.499  0.000    -7.19     1.18  0.  0.   3
    21   -0.189   -0.449     -0.233  0.000    -7.19     1.18  0.  0.   3
    21   -0.207   -0.078     -0.491  0.000    -7.19     1.18  0.  0.   3
    21   -0.390    1.539     -8.946  0.000    -7.19     1.18  0.  0.   3
    21    0.089    0.961     -2.379  0.000    -7.19     1.18  0.  0.   3
    21   -0.969    0.529     -5.384  0.000    -7.19     1.18  0.  0.   3
    21   -2.215   -1.590     -9.363  0.000    -7.19     1.18  0.  0.   3
    21    0.029   -0.244     -0.619  0.000     4.00     0.67  0.  0.   3
    21   -1.306    2.345     -9.251  0.000     4.00     0.67  0.  0.   3
    21    2.359   -0.817      7.539  0.000     4.00     0.67  0.  0.   3
    21   -0.231   -0.245      1.223  0.000     4.00     0.67  0.  0.   3
    21    0.766   -1.192      0.720  0.000     4.00     0.67  0.  0.   3
    21   -0.536    0.760     -1.096  0.000     4.00     0.67  0.  0.   3
    21   -1.485   -0.131     -0.398  0.000     4.00     0.67  0.  0.   3
    21    0.401    0.398     -2.437  0.000     4.00     0.67  0.  0.   3
