           1           0         197         197   6.00000000    
     6.913      0.255     1     0      6.715  2212  2212
     5.163     -2.779     2     0      5.985  2212  2212
     3.962     -3.476     3     3      5.934     0  2212
     5.435     -5.969     4     0      5.509  2212  2212
     0.978     -2.228     5     3      5.320     0  2212
     1.369      3.593     6     3      5.240     0  2212
     6.333      4.027     7     0      5.226  2212  2212
     7.105     -0.470     8     0      5.178  2212  2212
     1.927      1.644     9     3      4.970     0  2212
     2.403      3.738    10     3      4.961     0  2212
     4.589     -2.916    11     0      4.823  2212  2212
     4.223     -2.769    12     0      4.712  2212  2212
     2.883      2.180    13     3      4.667     0  2212
     5.285      3.119    14     0      4.651  2212  2212
     0.861      2.520    15     3      4.599     0  2212
     3.764      3.283    16     3      4.472     0  2212
     4.197      0.202    17     3      4.412     0  2212
     0.988     -0.242    18     3      4.316     0  2212
     5.099      3.012    19     0      4.313  2212  2212
     4.101     -0.407    20     3      4.224     0  2212
     4.347     -0.728    21     3      3.971     0  2212
     2.916     -3.733    22     1      3.642  2212  2212
     4.156      2.285    23     0      3.637  2212  2212
     1.074     -3.308    24     3      3.543     0  2212
     2.224     -1.715    25     3      3.530     0  2212
     7.500      0.450    26     0      3.515  2212  2212
     1.273     -0.199    27     3      3.388     0  2212
     5.007      5.108    28     0      3.354  2212  2212
    -0.044      2.704    29     3      3.260     0  2212
     2.919     -4.764    30     0      3.179  2212  2212
     1.709     -1.221    31     3      3.149     0  2212
     4.326      2.238    32     3      2.953     0  2212
    -2.211     -0.203    33     3      2.935     0  2212
     4.778     -4.751    34     0      2.926  2212  2212
     0.602     -1.191    35     3      2.885     0  2212
     7.530      2.339    36     0      2.882  2212  2212
     6.370      1.398    37     0      2.867  2212  2212
     6.355     -3.874    38     0      2.834  2212  2212
    -0.927     -0.795    39     3      2.814     0  2212
     6.773     -0.837    40     3      2.793     0  2212
     4.339     -0.170    41     3      2.724     0  2212
    -1.659      1.679    42     3      2.614     0  2212
     3.812      2.779    43     3      2.571     0  2112
     2.052      4.818    44     3      2.557     0  2212
     6.565     -0.363    45     0      2.525  2212  2212
     2.945      4.424    46     1      2.512  2212  2212
     3.177      3.144    47     3      2.467     0  2212
    -2.144      0.188    48     3      2.364     0  2212
     6.787     -1.905    49     0      2.320  2212  2212
     1.620     -0.540    50     3      2.281     0  2212
    -0.713     -0.621    51     3      2.247     0  2212
     3.259     -1.021    52     3      2.156     0  2212
     1.680      0.564    53     3      2.081     0  2212
     0.481     -6.000    54     3      2.027     0  2212
     1.666     -3.122    55     3      1.992     0  2212
     6.811      3.733    56     0      1.903  2212  2212
    -1.783      2.374    57     3      1.888     0  2212
    -2.869     -1.832    58     3      1.888     0  2212
     2.296     -6.917    59     3      1.871     0  2212
     4.814     -0.014    60     1      1.761  2212  2212
    -2.326      0.804    61     3      1.753     0  2212
     7.814     -2.764    62     0      1.653  2212  2212
     7.305     -1.081    63     0      1.558  2212  2212
     2.577     -1.521    64     3      1.543     0  2212
    -1.934      0.696    65     3      1.542     0  2212
     0.569      2.730    66     3      1.460     0  2212
     3.410     -5.280    67     0      1.376  2212  2212
     2.153     -0.721    68     3      1.364     0  2212
     7.841      1.823    69     0      1.342  2212  2212
     5.366      4.752    70     0      1.327  2212  2212
     7.018      3.676    71     0      1.303  2212  2212
     8.423      0.569    72     0      1.276  2212  2212
     8.064      0.811    73     0      1.254  2212  2212
    -0.742     -0.766    74     3      1.189     0  2212
    -0.374      4.821    75     3      1.087     0  2212
     4.645     -1.890    76     3      1.058     0  2212
     5.171      3.669    77     0      1.022  2212  2212
     6.716      2.109    78     0      0.982  2212  2212
     1.982     -7.714    79     0      0.964  2212  2212
     2.671      3.359    80     3      0.882     0  2112
     1.567     -0.532    81     3      0.873     0  2112
     6.935     -4.769    82     0      0.844  2112  2112
     4.239      4.734    83     0      0.808  2112  2112
     6.316     -5.826    84     0      0.804  2112  2112
     3.254     -6.772    85     0      0.735  2112  2112
     0.752     -3.070    86     3      0.717     0  2112
     3.914      1.164    87     3      0.688     0  2112
     1.699     -2.819    88     3      0.628     0  2112
     1.237      2.316    89     3      0.621     0  2112
    10.560     -0.388    90     0      0.468  2112  2112
     2.667     -2.071    91     3      0.443     0  2112
     2.153      2.625    92     3      0.377     0  2112
     3.733     -3.328    93     0      0.337  2112  2112
     8.370      3.870    94     0      0.245  2112  2112
     4.600      3.942    95     0      0.120  2112  2112
     2.973     -2.462    96     3      0.102     0  2112
    -2.236      0.679    97     3      0.052     0  2112
     1.283     -4.516    98     3      0.043     0  2112
    -0.559     -3.075    99     3     -0.054     0  2112
    -0.860      1.629   100     3     -0.121     0  2112
     7.057      4.739   101     0     -0.144  2112  2112
     3.964     -4.862   102     0     -0.181  2112  2112
     7.118     -3.499   103     0     -0.208  2112  2112
     5.266      6.082   104     0     -0.259  2112  2112
     3.470      5.703   105     3     -0.260     0  2112
    -2.201     -3.313   106     3     -0.337     0  2112
     8.707      2.330   107     0     -0.372  2112  2112
     2.028     -0.074   108     3     -0.407     0  2112
     0.619     -1.247   109     3     -0.417     0  2112
     9.456      1.412   110     0     -0.444  2112  2112
     7.811     -0.020   111     0     -0.449  2112  2112
     1.815     -4.921   112     3     -0.521     0  2112
     2.479      3.464   113     3     -0.585     0  2112
     2.241     -0.651   114     3     -0.633     0  2112
     1.056      5.756   115     3     -0.671     0  2112
     1.073     -0.183   116     3     -0.760     0  2112
    -0.052      0.708   117     3     -0.792     0  2212
    -0.344      1.114   118     3     -0.807     0  2112
    -1.963     -3.802   119     3     -0.809     0  2112
     9.377      0.130   120     0     -0.829  2112  2112
     0.867      5.319   121     2     -0.838  2112  2112
     5.175     -4.305   122     0     -0.839  2112  2112
    -1.663      1.854   123     3     -0.840     0  2112
     7.566     -1.541   124     0     -0.866  2112  2112
     7.228     -3.458   125     0     -0.900  2112  2112
     7.988     -2.897   126     0     -1.012  2112  2112
     8.676      2.537   127     0     -1.041  2112  2112
     2.238      1.852   128     3     -1.073     0  2212
     5.181     -6.566   129     0     -1.118  2112  2112
     7.508     -5.480   130     0     -1.220  2112  2112
     2.250      6.531   131     3     -1.229     0  2112
     4.231     -4.486   132     0     -1.307  2112  2112
    -1.197     -2.432   133     3     -1.309     0  2112
     3.972     -3.481   134     0     -1.390  2112  2112
     5.729      4.220   135     0     -1.397  2112  2112
     2.387      4.782   136     3     -1.413     0  2112
    -1.720      0.551   137     3     -1.420     0  2112
     7.594      2.444   138     0     -1.472  2112  2112
    -0.213      4.928   139     3     -1.659     0  2112
     7.748     -0.659   140     0     -1.707  2112  2112
    -0.568     -4.824   141     3     -1.714     0  2212
     4.694      1.099   142     0     -1.725  2112  2112
     2.459      2.522   143     3     -1.727     0  2112
     4.737      1.661   144     0     -1.755  2112  2112
    -1.826      0.881   145     3     -1.772     0  2112
    -4.893     -0.012   146     3     -1.804     0  2112
    -0.134     -0.519   147     3     -1.981     0  2112
     0.337      2.526   148     3     -2.025     0  2112
     0.408      3.113   149     3     -2.129     0  2112
     0.536     -4.069   150     3     -2.139     0  2112
     0.314      3.740   151     3     -2.165     0  2112
     1.394      4.904   152     3     -2.176     0  2112
     4.536      1.230   153     3     -2.232     0  2112
     5.457      3.527   154     0     -2.344  2112  2112
     2.825     -5.710   155     1     -2.346  2112  2112
     3.059     -6.815   156     3     -2.513     0  2112
     5.355      5.275   157     0     -2.525  2112  2112
     6.331     -3.786   158     0     -2.579  2112  2112
     1.802      2.302   159     3     -2.609     0  2112
     1.297      0.581   160     3     -2.685     0  2112
     6.212      0.544   161     0     -2.739  2112  2112
     0.441     -2.568   162     3     -2.896     0  2112
     2.116      1.728   163     3     -2.898     0  2112
     8.602     -1.760   164     0     -2.924  2112  2112
     6.091      3.087   165     0     -3.078  2112  2112
     5.703      2.016   166     0     -3.187  2112  2112
     3.060     -4.103   167     3     -3.220     0  2112
     8.000      1.542   168     0     -3.281  2112  2112
     1.676     -1.724   169     3     -3.358     0  2112
    -1.781      0.981   170     3     -3.462     0  2112
     4.516      4.346   171     0     -3.515  2112  2112
     6.404     -3.404   172     0     -3.554  2112  2112
     7.138      0.298   173     0     -3.666  2112  2112
     0.278     -2.732   174     3     -3.699     0  2112
     3.724     -2.181   175     3     -3.808     0  2112
     3.765     -1.082   176     3     -3.909     0  2112
     3.174     -1.582   177     3     -3.947     0  2112
     6.101      0.049   178     3     -3.953     0  2112
     6.495      5.268   179     0     -4.072  2112  2112
     6.762     -1.940   180     0     -4.229  2112  2112
     4.892      2.019   181     0     -4.270  2112  2112
     3.515      0.286   182     3     -4.409     0  2112
     4.779      3.539   183     0     -4.486  2112  2112
    -0.032     -1.077   184     3     -4.661     0  2112
     2.146      2.970   185     3     -4.823     0  2112
     5.940      0.867   186     0     -4.915  2112  2112
     5.046     -0.717   187     0     -4.954  2112  2112
     3.340     -0.631   188     3     -5.037     0  2112
     1.587     -0.016   189     3     -5.087     0  2112
     1.753      0.999   190     3     -5.100     0  2112
     1.673      4.259   191     3     -5.237     0  2112
     2.703      0.034   192     3     -5.720     0  2112
     1.662     -2.775   193     3     -6.008     0  2112
     1.531      1.830   194     3     -6.057     0  2112
    -5.963      0.697   195     3     -6.071     0  2112
     5.253     -4.731   196     0     -6.504  2112  2112
     4.109      1.409   197     3     -7.698     0  2112
    -6.671      2.128    -1     0    -10.053  2212  2212
    -2.751     -1.475    -2     3     -7.239     0  2212
    -7.365      1.357    -3     3     -6.759     0  2212
    -3.051      1.226    -4     3     -6.314     0  2212
    -3.152      5.865    -5     0     -5.945  2212  2212
    -6.791      3.437    -6     0     -5.511  2212  2212
    -9.592     -1.596    -7     0     -5.196  2212  2212
    -1.187     -3.577    -8     3     -5.110     0  2112
    -0.216     -4.011    -9     3     -5.027     0  2212
    -1.741      2.594   -10     3     -5.023     0  2112
    -3.299      1.466   -11     3     -4.930     0  2212
    -6.523      3.003   -12     0     -4.738  2212  2212
    -2.423     -6.296   -13     0     -4.636  2212  2212
    -3.988      4.577   -14     0     -4.594  2212  2212
    -0.063      0.099   -15     3     -4.540     0  2212
     1.621      3.265   -16     3     -4.453     0  2212
    -3.028      0.031   -17     3     -4.448     0  2212
    -0.439      3.348   -18     3     -4.247     0  2212
    -2.431     -2.409   -19     3     -4.150     0  2212
     0.172     -1.410   -20     3     -4.147     0  2212
    -6.413      1.932   -21     0     -4.087  2212  2212
    -3.833     -3.503   -22     0     -4.035  2212  2212
    -5.113      0.517   -23     2     -4.026  2212  2212
    -2.493     -5.960   -24     0     -4.008  2212  2212
    -4.942     -0.751   -25     3     -4.003     0  2212
    -2.494     -0.277   -26     3     -3.958     0  2212
    -5.943     -0.171   -27     0     -3.909  2212  2212
    -1.712     -0.679   -28     3     -3.863     0  2212
    -4.178     -1.796   -29     3     -3.822     0  2212
     2.325      3.262   -30     3     -3.711     0  2212
    -4.623      2.310   -31     0     -3.682  2212  2212
    -1.951      0.675   -32     3     -3.666     0  2212
     2.078      2.160   -33     3     -3.664     0  2112
    -6.229     -4.677   -34     0     -3.645  2212  2212
    -3.944      2.282   -35     3     -3.622     0  2212
    -0.164     -4.565   -36     3     -3.534     0  2112
    -3.008     -2.156   -37     3     -3.520     0  2212
     1.504      0.208   -38     3     -3.428     0  2212
    -2.171      2.106   -39     3     -3.376     0  2212
    -0.125     -1.328   -40     3     -3.303     0  2212
    -3.773     -4.079   -41     0     -3.262  2212  2212
    -8.041     -4.206   -42     0     -3.256  2212  2212
    -3.883     -2.734   -43     0     -3.140  2212  2212
     1.188     -1.330   -44     3     -3.041     0  2212
    -1.284      4.621   -45     3     -3.041     0  2212
     0.172     -1.382   -46     3     -2.896     0  2212
     0.080      1.617   -47     3     -2.874     0  2212
    -1.319     -4.164   -48     3     -2.778     0  2212
    -2.583      5.734   -49     0     -2.739  2212  2212
    -4.369     -2.436   -50     0     -2.587  2212  2212
     0.189      4.891   -51     3     -2.542     0  2212
    -3.889      4.278   -52     0     -2.479  2212  2212
    -3.754     -5.046   -53     0     -2.460  2212  2212
    -6.668     -2.412   -54     0     -2.443  2212  2212
    -5.080      4.978   -55     0     -2.438  2212  2212
    -6.045      4.237   -56     0     -2.363  2212  2212
    -4.142     -1.732   -57     0     -2.309  2212  2212
     1.628      2.320   -58     3     -2.298     0  2212
    -3.903      4.718   -59     0     -2.192  2212  2212
    -1.746      5.640   -60     0     -2.181  2212  2212
    -8.416      1.661   -61     3     -2.117     0  2212
    -1.051     -4.044   -62     3     -2.109     0  2212
    -5.445      4.511   -63     0     -2.079  2212  2212
    -2.371     -4.793   -64     3     -1.959     0  2212
     1.184     -0.074   -65     3     -1.851     0  2212
    -6.678     -2.002   -66     0     -1.845  2212  2212
    -5.734     -2.535   -67     0     -1.772  2212  2212
     1.071     -0.535   -68     3     -1.711     0  2212
    -4.371     -2.550   -69     0     -1.706  2212  2212
    -3.456      1.293   -70     3     -1.648     0  2212
    -6.097     -3.044   -71     0     -1.635  2212  2212
    -0.471     -4.501   -72     3     -1.610     0  2212
    -8.249     -0.304   -73     0     -1.515  2212  2212
    -3.563      0.266   -74     3     -1.509     0  2212
    -8.219      2.946   -75     0     -1.493  2212  2212
    -7.202      1.737   -76     0     -1.435  2212  2212
    -2.744     -3.589   -77     1     -1.431  2212  2212
    -9.232      0.276   -78     0     -1.278  2212  2212
    -3.314      4.934   -79     0     -1.202  2212  2212
    -6.911     -2.328   -80     0     -1.188  2112  2112
    -8.720      2.543   -81     0     -1.170  2112  2112
    -7.702     -1.946   -82     0     -1.143  2112  2112
     2.627      1.727   -83     3     -1.077     0  2112
     2.761      0.884   -84     3     -1.039     0  2112
    -2.675      1.271   -85     3     -0.859     0  2112
     0.695     -1.153   -86     3     -0.714     0  2112
    -0.142     -4.484   -87     3     -0.531     0  2112
     2.208      1.408   -88     3     -0.378     0  2112
    -4.565     -1.108   -89     3     -0.364     0  2112
    -5.155      6.185   -90     0     -0.359  2112  2112
    -4.181     -1.350   -91     0     -0.334  2112  2112
    -9.265      4.375   -92     0     -0.312  2112  2112
    -3.726     -1.281   -93     3     -0.306     0  2112
     0.073      5.496   -94     3     -0.292     0  2112
    -0.942     -4.648   -95     3     -0.224     0  2112
     0.940     -4.329   -96     3     -0.170     0  2112
    -4.321     -4.647   -97     0     -0.085  2112  2112
     0.244      4.952   -98     3     -0.021     0  2112
    -7.884     -2.993   -99     0     -0.017  2112  2112
     1.000     -0.038  -100     3      0.003     0  2112
    -1.840      3.492  -101     3      0.050     0  2112
    -7.246      3.451  -102     0      0.062  2112  2112
    -2.858     -5.405  -103     0      0.090  2112  2112
    -0.420     -3.463  -104     3      0.111     0  2112
    -5.490     -2.156  -105     0      0.126  2112  2112
    -3.454     -1.891  -106     3      0.170     0  2112
    -4.558     -2.970  -107     0      0.198  2112  2112
    -5.718      5.395  -108     0      0.295  2112  2112
    -5.325     -1.724  -109     3      0.315     0  2112
     1.102      1.512  -110     3      0.329     0  2112
    -6.347      6.002  -111     0      0.329  2112  2112
    -7.169     -5.136  -112     0      0.340  2112  2112
    -2.175     -1.581  -113     3      0.383     0  2112
     2.682     -6.866  -114     3      0.521     0  2112
    -7.462     -4.419  -115     0      0.551  2112  2112
    -3.948     -5.158  -116     0      0.617  2112  2112
    -1.352     -4.772  -117     3      0.628     0  2112
    -3.388     -4.382  -118     3      0.656     0  2112
    -0.401     -4.980  -119     3      0.725     0  2112
    -2.341      4.065  -120     0      0.786  2112  2112
    -3.140      3.770  -121     0      0.870  2112  2112
     1.940      5.423  -122     3      0.908     0  2112
    -4.961      5.372  -123     0      0.921  2112  2112
     3.881     -0.061  -124     3      0.930     0  2112
     1.081      1.256  -125     3      0.995     0  2112
    -3.261     -2.653  -126     1      1.002  2112  2112
    -2.605     -1.830  -127     3      1.046     0  2112
    -3.638      3.393  -128     0      1.075  2112  2112
    -1.215     -1.939  -129     3      1.079     0  2112
     0.004     -3.069  -130     3      1.160     0  2112
    -4.029     -0.581  -131     3      1.216     0  2112
    -5.528      5.781  -132     0      1.250  2112  2112
    -4.406      6.543  -133     0      1.292  2112  2112
    -1.716     -3.175  -134     3      1.346     0  2112
     3.201     -1.886  -135     3      1.366     0  2112
     0.188      2.078  -136     3      1.427     0  2112
    -0.897     -4.612  -137     3      1.479     0  2112
    -7.361     -1.660  -138     0      1.481  2112  2112
    -1.786      4.403  -139     3      1.578     0  2112
     0.272     -2.079  -140     3      1.594     0  2112
     2.713      3.303  -141     3      1.707     0  2212
    -1.820      3.700  -142     0      1.742  2112  2112
    -6.559      2.337  -143     3      1.844     0  2112
    -1.991      1.717  -144     3      1.852     0  2112
     0.895      1.010  -145     3      1.895     0  2112
     2.080      1.118  -146     3      1.896     0  2112
     1.449     -4.526  -147     3      1.898     0  2112
    -1.560     -3.436  -148     3      1.921     0  2112
    -2.784     -4.563  -149     0      1.931  2112  2112
    -7.765      0.301  -150     0      1.936  2112  2112
     3.206     -2.053  -151     3      2.145     0  2112
    -4.712     -3.456  -152     0      2.216  2112  2112
    -5.598     -2.245  -153     0      2.292  2112  2112
    -3.400      2.319  -154     3      2.308     0  2112
    -3.446      0.872  -155     3      2.330     0  2112
    -6.150      5.478  -156     0      2.377  2112  2112
    -1.528     -4.852  -157     3      2.378     0  2112
    -0.751      2.477  -158     3      2.418     0  2112
    -2.294     -0.531  -159     3      2.437     0  2112
    -1.220     -1.564  -160     3      2.472     0  2112
     0.008     -2.406  -161     3      2.586     0  2112
    -0.604     -0.962  -162     3      2.622     0  2112
    -1.084      3.967  -163     3      2.671     0  2112
    -0.807     -4.450  -164     3      2.733     0  2112
    -4.655      1.522  -165     0      2.832  2112  2112
    -4.433     -2.156  -166     0      2.880  2112  2112
     0.700     -4.757  -167     3      2.900     0  2112
    -4.624      2.518  -168     0      3.200  2112  2112
    -2.456      2.606  -169     3      3.238     0  2112
    -0.242     -2.723  -170     3      3.297     0  2112
    -4.870     -3.536  -171     0      3.348  2112  2112
     0.506      0.555  -172     3      3.372     0  2112
    -0.666     -2.478  -173     3      3.429     0  2112
    -4.799     -5.110  -174     3      3.467     0  2212
    -1.472      0.080  -175     3      3.487     0  2112
    -1.298      1.711  -176     3      3.506     0  2112
    -0.709      2.955  -177     3      3.545     0  2112
    -5.637      4.311  -178     0      3.550  2112  2112
    -3.838     -3.035  -179     0      3.665  2112  2112
    -4.296     -2.229  -180     3      3.703     0  2112
    -6.819      0.979  -181     0      3.795  2112  2112
     1.815     -2.136  -182     3      3.801     0  2112
    -3.614      2.500  -183     0      3.861  2112  2112
    -2.044      3.889  -184     0      4.185  2112  2112
    -5.605     -3.232  -185     0      4.221  2112  2112
    -3.564     -2.182  -186     3      4.346     0  2112
     0.590     -2.400  -187     3      4.592     0  2112
    -7.942      2.151  -188     0      4.677  2112  2112
    -0.332      0.080  -189     3      5.068     0  2112
    -0.050      3.291  -190     3      5.104     0  2112
    -6.288     -0.375  -191     0      5.590  2112  2112
    -5.049     -1.193  -192     0      5.633  2112  2112
    -5.301      2.274  -193     0      5.853  2112  2112
    -4.194      3.137  -194     0      5.859  2112  2112
     1.664     -0.652  -195     3      6.188     0  2112
    -1.357     -2.077  -196     1      6.488  2112  2112
    -4.767     -0.961  -197     0      6.646  2112  2112
