    -9.80000      0.00000
    -9.40000      0.00000
    -9.00000      0.00000
    -8.60000      0.00000
    -8.20000      0.00000
    -7.80000      0.00000
    -7.40000      0.00000
    -7.00000      2.50000
    -6.60000      7.50000
    -6.20000     10.00000
    -5.80000     17.50000
    -5.40000     42.50000
    -5.00000     72.50000
    -4.60000    107.50000
    -4.20000    152.50000
    -3.80000    187.50000
    -3.40000    235.00000
    -3.00000    227.50000
    -2.60000    240.00000
    -2.20000    227.50000
    -1.80000    410.00000
    -1.40000    257.50000
    -1.00000    312.50000
    -0.60000    305.00000
    -0.20000    262.50000
     0.20000    280.00000
     0.60000    277.50000
     1.00000    252.50000
     1.40000    295.00000
     1.80000    365.00000
     2.20000    282.50000
     2.60000    265.00000
     3.00000    265.00000
     3.40000    182.50000
     3.80000    147.50000
     4.20000    125.00000
     4.60000    120.00000
     5.00000     82.50000
     5.40000     27.50000
     5.80000     30.00000
     6.20000     15.00000
     6.60000      2.50000
     7.00000      2.50000
     7.40000      2.50000
     7.80000      0.00000
     8.20000      0.00000
     8.60000      0.00000
     9.00000      0.00000
     9.40000      0.00000
     9.80000      0.00000
 after hadron evolution
    -9.80000      0.00000
    -9.40000      0.00000
    -9.00000      0.00000
    -8.60000      0.00000
    -8.20000      0.00000
    -7.80000      0.00000
    -7.40000      2.50000
    -7.00000      2.50000
    -6.60000     12.50000
    -6.20000     22.50000
    -5.80000     15.00000
    -5.40000     45.00000
    -5.00000    107.50000
    -4.60000    150.00000
    -4.20000    225.00000
    -3.80000    255.00000
    -3.40000    345.00000
    -3.00000    392.50000
    -2.60000    472.50000
    -2.20000    492.50000
    -1.80000    570.00000
    -1.40000    575.00000
    -1.00000    600.00000
    -0.60000    620.00000
    -0.20000    560.00000
     0.20000    577.50000
     0.60000    562.50000
     1.00000    602.50000
     1.40000    537.50000
     1.80000    587.50000
     2.20000    500.00000
     2.60000    412.50000
     3.00000    455.00000
     3.40000    337.50000
     3.80000    272.50000
     4.20000    182.50000
     4.60000    177.50000
     5.00000    100.00000
     5.40000     27.50000
     5.80000     32.50000
     6.20000     10.00000
     6.60000      2.50000
     7.00000      0.00000
     7.40000      0.00000
     7.80000      0.00000
     8.20000      0.00000
     8.60000      0.00000
     9.00000      0.00000
     9.40000      0.00000
     9.80000      0.00000
