 after hadron evolution
     0.02500    190.30859
     0.07500    174.44226
     0.12500    129.01509
     0.17500    179.20387
     0.22500     83.23483
     0.27500     64.27578
     0.32500     48.69473
     0.37500     34.48368
     0.42500     54.09435
     0.47500     51.36914
     0.52500     48.23470
     0.57500     27.92299
     0.62500      8.95869
     0.67500     25.56712
     0.77500     23.67276
     0.82500     22.60249
     0.97500     13.52765
     1.07500      6.31300
     1.37500     10.70761
     2.07500      3.86457
