    -9.80000      0.00000
    -9.40000      0.00000
    -9.00000      0.00000
    -8.60000      0.00000
    -8.20000      0.00000
    -7.80000      0.00000
    -7.40000      0.00000
    -7.00000      0.00000
    -6.60000      0.00000
    -6.20000      0.00000
    -5.80000      2.50000
    -5.40000     20.00000
    -5.00000     37.50000
    -4.60000     45.00000
    -4.20000    110.00000
    -3.80000    155.00000
    -3.40000    180.00000
    -3.00000    252.50000
    -2.60000    252.50000
    -2.20000    260.00000
    -1.80000    320.00000
    -1.40000    357.50000
    -1.00000    337.50000
    -0.60000    397.50000
    -0.20000    350.00000
     0.20000    390.00000
     0.60000    315.00000
     1.00000    342.50000
     1.40000    397.50000
     1.80000    292.50000
     2.20000    257.50000
     2.60000    277.50000
     3.00000    205.00000
     3.40000    185.00000
     3.80000    137.50000
     4.20000    112.50000
     4.60000     72.50000
     5.00000     22.50000
     5.40000      5.00000
     5.80000      7.50000
     6.20000      0.00000
     6.60000      0.00000
     7.00000      0.00000
     7.40000      0.00000
     7.80000      0.00000
     8.20000      0.00000
     8.60000      0.00000
     9.00000      0.00000
     9.40000      0.00000
     9.80000      0.00000
 after hadron evolution
    -9.80000      0.00000
    -9.40000      0.00000
    -9.00000      0.00000
    -8.60000      0.00000
    -8.20000      0.00000
    -7.80000      0.00000
    -7.40000      0.00000
    -7.00000      0.00000
    -6.60000      0.00000
    -6.20000      2.50000
    -5.80000     10.00000
    -5.40000     32.50000
    -5.00000     65.00000
    -4.60000    100.00000
    -4.20000    192.50000
    -3.80000    242.50000
    -3.40000    287.50000
    -3.00000    395.00000
    -2.60000    445.00000
    -2.20000    477.50000
    -1.80000    550.00000
    -1.40000    607.50000
    -1.00000    655.00000
    -0.60000    732.50000
    -0.20000    670.00000
     0.20000    740.00000
     0.60000    605.00000
     1.00000    642.50000
     1.40000    662.50000
     1.80000    532.50000
     2.20000    480.00000
     2.60000    417.50000
     3.00000    382.50000
     3.40000    315.00000
     3.80000    245.00000
     4.20000    187.50000
     4.60000    102.50000
     5.00000     45.00000
     5.40000     10.00000
     5.80000     10.00000
     6.20000      0.00000
     6.60000      0.00000
     7.00000      0.00000
     7.40000      0.00000
     7.80000      0.00000
     8.20000      0.00000
     8.60000      0.00000
     9.00000      0.00000
     9.40000      0.00000
     9.80000      0.00000
