    -9.80000      0.00000
    -9.40000      0.00000
    -9.00000      0.00000
    -8.60000      0.00000
    -8.20000      0.00000
    -7.80000      0.00000
    -7.40000      0.00000
    -7.00000      0.00000
    -6.60000      0.00000
    -6.20000      0.00000
    -5.80000      7.50000
    -5.40000     17.50000
    -5.00000     57.50000
    -4.60000     70.00000
    -4.20000    110.00000
    -3.80000    202.50000
    -3.40000    252.50000
    -3.00000    360.00000
    -2.60000    370.00000
    -2.20000    430.00000
    -1.80000    545.00000
    -1.40000    562.50000
    -1.00000    610.00000
    -0.60000    715.00000
    -0.20000    665.00000
     0.20000    665.00000
     0.60000    652.50000
     1.00000    575.00000
     1.40000    617.50000
     1.80000    512.50000
     2.20000    427.50000
     2.60000    397.50000
     3.00000    322.50000
     3.40000    270.00000
     3.80000    187.50000
     4.20000    130.00000
     4.60000     77.50000
     5.00000     22.50000
     5.40000     15.00000
     5.80000      7.50000
     6.20000      0.00000
     6.60000      0.00000
     7.00000      0.00000
     7.40000      0.00000
     7.80000      0.00000
     8.20000      0.00000
     8.60000      0.00000
     9.00000      0.00000
     9.40000      0.00000
     9.80000      0.00000
 after hadron evolution
    -9.80000      0.00000
    -9.40000      0.00000
    -9.00000      0.00000
    -8.60000      0.00000
    -8.20000      0.00000
    -7.80000      0.00000
    -7.40000      0.00000
    -7.00000      0.00000
    -6.60000      0.00000
    -6.20000      2.50000
    -5.80000     20.00000
    -5.40000     32.50000
    -5.00000     97.50000
    -4.60000    140.00000
    -4.20000    217.50000
    -3.80000    357.50000
    -3.40000    452.50000
    -3.00000    590.00000
    -2.60000    617.50000
    -2.20000    742.50000
    -1.80000    857.50000
    -1.40000    880.00000
    -1.00000   1030.00000
    -0.60000   1087.50000
    -0.20000   1022.50000
     0.20000   1127.50000
     0.60000    910.00000
     1.00000    932.50000
     1.40000    977.50000
     1.80000    777.50000
     2.20000    750.00000
     2.60000    622.50000
     3.00000    542.50000
     3.40000    470.00000
     3.80000    350.00000
     4.20000    242.50000
     4.60000    137.50000
     5.00000     60.00000
     5.40000     22.50000
     5.80000     15.00000
     6.20000      2.50000
     6.60000      2.50000
     7.00000      0.00000
     7.40000      0.00000
     7.80000      0.00000
     8.20000      0.00000
     8.60000      0.00000
     9.00000      0.00000
     9.40000      0.00000
     9.80000      0.00000
