    -9.80000      0.00000
    -9.40000      0.00000
    -9.00000      0.00000
    -8.60000      0.00000
    -8.20000      0.00000
    -7.80000      0.00000
    -7.40000      0.00000
    -7.00000      0.00000
    -6.60000      0.00000
    -6.20000      0.00000
    -5.80000      2.50000
    -5.40000      2.50000
    -5.00000     15.00000
    -4.60000      5.00000
    -4.20000     22.50000
    -3.80000     25.00000
    -3.40000     20.00000
    -3.00000     52.50000
    -2.60000     32.50000
    -2.20000     35.00000
    -1.80000     50.00000
    -1.40000     50.00000
    -1.00000     62.50000
    -0.60000     90.00000
    -0.20000     57.50000
     0.20000     52.50000
     0.60000     42.50000
     1.00000     42.50000
     1.40000     72.50000
     1.80000     52.50000
     2.20000     65.00000
     2.60000     42.50000
     3.00000     17.50000
     3.40000     20.00000
     3.80000     32.50000
     4.20000     22.50000
     4.60000     25.00000
     5.00000      5.00000
     5.40000      0.00000
     5.80000      2.50000
     6.20000      0.00000
     6.60000      0.00000
     7.00000      0.00000
     7.40000      0.00000
     7.80000      0.00000
     8.20000      0.00000
     8.60000      0.00000
     9.00000      0.00000
     9.40000      0.00000
     9.80000      0.00000
 after hadron evolution
    -9.80000      0.00000
    -9.40000      0.00000
    -9.00000      0.00000
    -8.60000      0.00000
    -8.20000      0.00000
    -7.80000      0.00000
    -7.40000      0.00000
    -7.00000      0.00000
    -6.60000      0.00000
    -6.20000      2.50000
    -5.80000      2.50000
    -5.40000     12.50000
    -5.00000     30.00000
    -4.60000     37.50000
    -4.20000     72.50000
    -3.80000    100.00000
    -3.40000     85.00000
    -3.00000    185.00000
    -2.60000    157.50000
    -2.20000    172.50000
    -1.80000    195.00000
    -1.40000    245.00000
    -1.00000    250.00000
    -0.60000    345.00000
    -0.20000    282.50000
     0.20000    245.00000
     0.60000    252.50000
     1.00000    255.00000
     1.40000    257.50000
     1.80000    192.50000
     2.20000    175.00000
     2.60000    165.00000
     3.00000    142.50000
     3.40000    137.50000
     3.80000     95.00000
     4.20000     77.50000
     4.60000     37.50000
     5.00000     17.50000
     5.40000      2.50000
     5.80000      5.00000
     6.20000      0.00000
     6.60000      0.00000
     7.00000      0.00000
     7.40000      0.00000
     7.80000      0.00000
     8.20000      0.00000
     8.60000      0.00000
     9.00000      0.00000
     9.40000      0.00000
     9.80000      0.00000
