    -9.80000      0.00000
    -9.40000      0.00000
    -9.00000      0.00000
    -8.60000      0.00000
    -8.20000      0.00000
    -7.80000      0.00000
    -7.40000      0.00000
    -7.00000      0.00000
    -6.60000      0.00000
    -6.20000      0.00000
    -5.80000      0.00000
    -5.40000      5.00000
    -5.00000     17.50000
    -4.60000     20.00000
    -4.20000     35.00000
    -3.80000     80.00000
    -3.40000    102.50000
    -3.00000    115.00000
    -2.60000    127.50000
    -2.20000    132.50000
    -1.80000    160.00000
    -1.40000    177.50000
    -1.00000    180.00000
    -0.60000    177.50000
    -0.20000    175.00000
     0.20000    182.50000
     0.60000    140.00000
     1.00000    157.50000
     1.40000    197.50000
     1.80000    140.00000
     2.20000    115.00000
     2.60000    130.00000
     3.00000    112.50000
     3.40000     87.50000
     3.80000     45.00000
     4.20000     45.00000
     4.60000     20.00000
     5.00000      7.50000
     5.40000      2.50000
     5.80000      5.00000
     6.20000      0.00000
     6.60000      0.00000
     7.00000      0.00000
     7.40000      0.00000
     7.80000      0.00000
     8.20000      0.00000
     8.60000      0.00000
     9.00000      0.00000
     9.40000      0.00000
     9.80000      0.00000
 after hadron evolution
    -9.80000      0.00000
    -9.40000      0.00000
    -9.00000      0.00000
    -8.60000      0.00000
    -8.20000      0.00000
    -7.80000      0.00000
    -7.40000      0.00000
    -7.00000      0.00000
    -6.60000      0.00000
    -6.20000      0.00000
    -5.80000      7.50000
    -5.40000     10.00000
    -5.00000     30.00000
    -4.60000     47.50000
    -4.20000     75.00000
    -3.80000    112.50000
    -3.40000    152.50000
    -3.00000    167.50000
    -2.60000    215.00000
    -2.20000    247.50000
    -1.80000    300.00000
    -1.40000    305.00000
    -1.00000    332.50000
    -0.60000    315.00000
    -0.20000    315.00000
     0.20000    425.00000
     0.60000    282.50000
     1.00000    310.00000
     1.40000    310.00000
     1.80000    280.00000
     2.20000    252.50000
     2.60000    205.00000
     3.00000    185.00000
     3.40000    142.50000
     3.80000    107.50000
     4.20000     72.50000
     4.60000     45.00000
     5.00000     17.50000
     5.40000      7.50000
     5.80000      5.00000
     6.20000      0.00000
     6.60000      0.00000
     7.00000      0.00000
     7.40000      0.00000
     7.80000      0.00000
     8.20000      0.00000
     8.60000      0.00000
     9.00000      0.00000
     9.40000      0.00000
     9.80000      0.00000
