    -9.80000      0.00000
    -9.40000      0.00000
    -9.00000      0.00000
    -8.60000      0.00000
    -8.20000      0.00000
    -7.80000      0.00000
    -7.40000      0.00000
    -7.00000      0.00000
    -6.60000      0.00000
    -6.20000      0.00000
    -5.80000      5.00000
    -5.40000      5.00000
    -5.00000      7.50000
    -4.60000      2.50000
    -4.20000     10.00000
    -3.80000     17.50000
    -3.40000     20.00000
    -3.00000     30.00000
    -2.60000     45.00000
    -2.20000     55.00000
    -1.80000     80.00000
    -1.40000     45.00000
    -1.00000     70.00000
    -0.60000     70.00000
    -0.20000     57.50000
     0.20000     82.50000
     0.60000     90.00000
     1.00000     62.50000
     1.40000     62.50000
     1.80000     40.00000
     2.20000     55.00000
     2.60000     55.00000
     3.00000     12.50000
     3.40000     32.50000
     3.80000     20.00000
     4.20000     15.00000
     4.60000     10.00000
     5.00000      7.50000
     5.40000      7.50000
     5.80000      0.00000
     6.20000      0.00000
     6.60000      0.00000
     7.00000      0.00000
     7.40000      0.00000
     7.80000      0.00000
     8.20000      0.00000
     8.60000      0.00000
     9.00000      0.00000
     9.40000      0.00000
     9.80000      0.00000
 after hadron evolution
    -9.80000      0.00000
    -9.40000      0.00000
    -9.00000      0.00000
    -8.60000      0.00000
    -8.20000      0.00000
    -7.80000      0.00000
    -7.40000      0.00000
    -7.00000      0.00000
    -6.60000      0.00000
    -6.20000      0.00000
    -5.80000     10.00000
    -5.40000     10.00000
    -5.00000     37.50000
    -4.60000     45.00000
    -4.20000     65.00000
    -3.80000    105.00000
    -3.40000    180.00000
    -3.00000    202.50000
    -2.60000    187.50000
    -2.20000    222.50000
    -1.80000    282.50000
    -1.40000    260.00000
    -1.00000    342.50000
    -0.60000    322.50000
    -0.20000    325.00000
     0.20000    332.50000
     0.60000    290.00000
     1.00000    272.50000
     1.40000    307.50000
     1.80000    220.00000
     2.20000    265.00000
     2.60000    192.50000
     3.00000    142.50000
     3.40000    167.50000
     3.80000    115.00000
     4.20000     75.00000
     4.60000     52.50000
     5.00000     25.00000
     5.40000     12.50000
     5.80000      5.00000
     6.20000      2.50000
     6.60000      2.50000
     7.00000      0.00000
     7.40000      0.00000
     7.80000      0.00000
     8.20000      0.00000
     8.60000      0.00000
     9.00000      0.00000
     9.40000      0.00000
     9.80000      0.00000
