    -9.80000      0.00000
    -9.40000      0.00000
    -9.00000      0.00000
    -8.60000      0.00000
    -8.20000      0.00000
    -7.80000      0.00000
    -7.40000      0.00000
    -7.00000      0.00000
    -6.60000      0.00000
    -6.20000      0.00000
    -5.80000      0.00000
    -5.40000      5.00000
    -5.00000     12.50000
    -4.60000     12.50000
    -4.20000     17.50000
    -3.80000     27.50000
    -3.40000     25.00000
    -3.00000     37.50000
    -2.60000     42.50000
    -2.20000     45.00000
    -1.80000     72.50000
    -1.40000     42.50000
    -1.00000     62.50000
    -0.60000     57.50000
    -0.20000     47.50000
     0.20000     52.50000
     0.60000     42.50000
     1.00000     57.50000
     1.40000     67.50000
     1.80000     60.00000
     2.20000     40.00000
     2.60000     57.50000
     3.00000     55.00000
     3.40000     30.00000
     3.80000     10.00000
     4.20000     20.00000
     4.60000      7.50000
     5.00000      2.50000
     5.40000      0.00000
     5.80000      5.00000
     6.20000      0.00000
     6.60000      0.00000
     7.00000      0.00000
     7.40000      0.00000
     7.80000      0.00000
     8.20000      0.00000
     8.60000      0.00000
     9.00000      0.00000
     9.40000      0.00000
     9.80000      0.00000
 after hadron evolution
    -9.80000      0.00000
    -9.40000      0.00000
    -9.00000      0.00000
    -8.60000      0.00000
    -8.20000      0.00000
    -7.80000      0.00000
    -7.40000      0.00000
    -7.00000      0.00000
    -6.60000      0.00000
    -6.20000      0.00000
    -5.80000      7.50000
    -5.40000      7.50000
    -5.00000     25.00000
    -4.60000     45.00000
    -4.20000     67.50000
    -3.80000    100.00000
    -3.40000    132.50000
    -3.00000    132.50000
    -2.60000    197.50000
    -2.20000    212.50000
    -1.80000    257.50000
    -1.40000    247.50000
    -1.00000    265.00000
    -0.60000    257.50000
    -0.20000    237.50000
     0.20000    325.00000
     0.60000    230.00000
     1.00000    237.50000
     1.40000    262.50000
     1.80000    222.50000
     2.20000    207.50000
     2.60000    172.50000
     3.00000    147.50000
     3.40000    112.50000
     3.80000    100.00000
     4.20000     67.50000
     4.60000     40.00000
     5.00000     15.00000
     5.40000      7.50000
     5.80000      5.00000
     6.20000      0.00000
     6.60000      0.00000
     7.00000      0.00000
     7.40000      0.00000
     7.80000      0.00000
     8.20000      0.00000
     8.60000      0.00000
     9.00000      0.00000
     9.40000      0.00000
     9.80000      0.00000
