           1           0         197         197
    21    0.343   -0.488      2.839  0.000     0.08     2.55  0.  0.   1
    21   -0.128   -0.338     15.490  0.000     0.08     2.55  0.  0.   1
    21   -0.072   -0.958      2.261  0.000     0.08     2.55  0.  0.   1
    21    1.948   -1.974      7.252  0.000     0.08     2.55  0.  0.   1
    21   -0.488    0.488      0.766  0.000     0.08     2.55  0.  0.   1
    21   -4.750   -1.055      9.639  0.000     0.08     2.55  0.  0.   1
    21   -0.358   -0.429     -4.903  0.000     0.25     0.25  0.  0.   1
    21   -0.127   -0.419      0.937  0.000     0.88    -0.36  0.  0.   1
    21    0.958   -2.129     12.818  0.000     0.88    -0.36  0.  0.   1
    21    1.339   -0.841      6.519  0.000     0.88    -0.36  0.  0.   1
    21    0.417    0.612      0.917  0.000     0.88    -0.36  0.  0.   1
    21   -0.227    0.047      0.673  0.000     0.88    -0.36  0.  0.   1
    21    1.098   -0.810     11.022  0.000     0.88    -0.36  0.  0.   1
    21   -0.355   -0.452      4.119  0.000     0.88    -0.36  0.  0.   1
    21   -0.932    0.220     14.189  0.000     0.88    -0.36  0.  0.   1
    21    0.279    0.889      0.615  0.000     0.88    -0.36  0.  0.   1
    21    4.047    3.251      1.219  0.000     0.88    -0.36  0.  0.   1
    21    0.431   -0.254      1.589  0.000     0.88    -0.36  0.  0.   1
    21   -0.006   -1.616      6.328  0.000    -3.66     0.97  0.  0.   1
    21   -0.316    0.234      5.897  0.000    -3.66     0.97  0.  0.   1
    21   -0.417    0.005      0.664  0.000    -3.66     0.97  0.  0.   1
    21   -0.911   -0.337     24.461  0.000    -3.66     0.97  0.  0.   1
    21   -0.622    0.356      4.451  0.000    -3.66     0.97  0.  0.   1
    21    0.924   -0.856     -3.704  0.000    -3.66     0.97  0.  0.   1
    21    0.764    0.103     -0.436  0.000    -3.66     0.97  0.  0.   1
    21    0.491   -0.997      4.275  0.000    -1.42     0.30  0.  0.   1
    21    0.032    0.030     -0.039  0.000    -1.42     0.30  0.  0.   1
    21    0.211    0.399      0.543  0.000    -1.42     0.30  0.  0.   1
    21   -1.266    2.489     12.136  0.000    -1.42     0.30  0.  0.   1
    21    0.218   -0.135      4.379  0.000    -1.42     0.30  0.  0.   1
    21   -0.779    0.189      1.946  0.000    -3.45    -2.03  0.  0.   1
    21   -0.384    0.985     -0.270  0.000    -3.45    -2.03  0.  0.   1
    21    0.742    2.052     -0.901  0.000    -3.45    -2.03  0.  0.   1
    21   -0.385    1.926      7.410  0.000    -0.69     2.67  0.  0.   1
    21    2.173    1.634      7.738  0.000    -0.69     2.67  0.  0.   1
    21    0.095   -0.208      0.961  0.000    -0.69     2.67  0.  0.   1
    21   -0.250   -0.197     -0.539  0.000    -0.69     2.67  0.  0.   1
    21   -1.048   -0.428      4.744  0.000    -0.69     2.67  0.  0.   1
    21    0.089   -0.787      0.536  0.000    -0.69     2.67  0.  0.   1
    21   -0.502    0.985      3.391  0.000    -0.69     2.67  0.  0.   1
    21   -0.996    0.106      0.666  0.000    -0.69     2.67  0.  0.   1
    21   -1.353    1.028      4.888  0.000    -0.69     2.67  0.  0.   1
    21   -0.483   -0.052     -0.064  0.000    -0.69     2.67  0.  0.   1
    21    0.249   -1.974      1.427  0.000    -0.69     2.67  0.  0.   1
    21   -0.211    0.183      0.053  0.000    -0.69     2.67  0.  0.   1
    21    0.542   -0.448      2.426  0.000    -0.69     2.67  0.  0.   1
    21    0.315    0.311     10.223  0.000    -0.69     2.67  0.  0.   1
    21   -0.263    0.232     -0.052  0.000    -0.69     2.67  0.  0.   1
    21   -0.770   -0.840      1.642  0.000    -0.69     2.67  0.  0.   1
    21    0.194   -0.282      2.903  0.000    -0.69     2.67  0.  0.   1
    21   -1.708    0.062      5.591  0.000    -0.69     2.67  0.  0.   1
    21    0.020   -0.940      0.647  0.000    -0.69     2.67  0.  0.   1
    21    2.033    1.409     -1.841  0.000    -0.69     2.67  0.  0.   1
    21    0.632    1.324     -0.319  0.000    -0.69     2.67  0.  0.   1
    21    2.371    0.997     -0.261  0.000    -0.69     2.67  0.  0.   1
    21    0.290   -1.042      0.344  0.000    -0.69     2.67  0.  0.   1
    21   -0.541   -0.362      0.945  0.000     2.03     2.51  0.  0.   1
    21   -0.385    0.237      0.583  0.000     2.03     2.51  0.  0.   1
    21    0.018    0.272      0.125  0.000     2.03     2.51  0.  0.   1
    21   -0.422    2.505      0.447  0.000     2.03     2.51  0.  0.   1
    21   -0.913    0.601      3.519  0.000    -2.89     2.42  0.  0.   1
    21    0.051   -0.365      0.083  0.000    -2.89     2.42  0.  0.   1
    21   -0.051    0.172      3.083  0.000    -2.89     2.42  0.  0.   1
    21    2.337    0.081      1.023  0.000    -2.89     2.42  0.  0.   1
    21    0.104   -0.970      1.208  0.000     2.01    -1.19  0.  0.   1
    21    1.874   -0.087      0.972  0.000     2.01    -1.19  0.  0.   1
    21    0.294    0.827      0.212  0.000     2.01    -1.19  0.  0.   1
    21   -0.272    0.070     -0.782  0.000     2.01    -1.19  0.  0.   1
    21   -0.768   -1.020      0.891  0.000     2.01    -1.19  0.  0.   1
    21   -0.891   -0.447     -1.670  0.000     2.01    -1.19  0.  0.   1
    21    0.275   -0.799      0.673  0.000     2.01    -1.19  0.  0.   1
    21   -0.518   -0.710      2.699  0.000     2.01    -1.19  0.  0.   1
    21   -0.732   -0.698      3.835  0.000     2.01    -1.19  0.  0.   1
    21   -0.500   -1.390      1.828  0.000     2.01    -1.19  0.  0.   1
    21    2.387   -1.010      5.970  0.000     2.90     5.00  0.  0.   1
    21   -0.125    0.783      8.232  0.000     0.21    -3.96  0.  0.   1
    21    0.580   -0.835      4.646  0.000     0.21    -3.96  0.  0.   1
    21    2.229    1.090    -11.056  0.000     0.21    -3.96  0.  0.   1
    21   -0.090    1.118    -13.417  0.000     0.21    -3.96  0.  0.   1
    21    0.420   -1.155      2.878  0.000    -0.62    -3.52  0.  0.   1
    21    1.190    0.201      2.895  0.000    -0.62    -3.52  0.  0.   1
    21    0.177    0.486      4.986  0.000    -0.62    -3.52  0.  0.   1
    21    1.130    1.429      4.419  0.000    -0.62    -3.52  0.  0.   1
    21    0.373    0.455      0.691  0.000    -0.62    -3.52  0.  0.   1
    21    1.124   -0.319     -3.462  0.000    -0.62    -3.52  0.  0.   1
    21    0.723   -2.316    -19.852  0.000    -0.62    -3.52  0.  0.   1
    21   -0.476   -0.171      5.553  0.000    -0.62    -3.52  0.  0.   1
    21   -0.323   -0.054      0.122  0.000    -0.62    -3.52  0.  0.   1
    21    1.000    2.442     -6.982  0.000    -0.62    -3.52  0.  0.   1
    21   -0.323    0.483     -0.238  0.000    -0.62    -3.52  0.  0.   1
    21   -1.997    0.907     11.670  0.000    -0.62    -3.52  0.  0.   1
    21   -0.525   -0.437      0.930  0.000    -0.62    -3.52  0.  0.   1
    21    2.168    0.183      0.727  0.000    -0.62    -3.52  0.  0.   1
    21   -0.140    0.593      1.494  0.000    -0.25    -4.46  0.  0.   1
    21   -0.412   -0.256     10.696  0.000    -0.25    -4.46  0.  0.   1
    21    0.594   -0.547      1.951  0.000    -0.25    -4.46  0.  0.   1
    21   -0.078    0.319      1.455  0.000    -0.25    -4.46  0.  0.   1
    21   -0.043   -1.673      1.566  0.000    -0.25    -4.46  0.  0.   1
    21    0.452   -0.006      1.318  0.000    -0.25    -4.46  0.  0.   1
    21   -2.270    0.375      0.449  0.000    -0.25    -4.46  0.  0.   1
    21    0.619   -0.916      2.182  0.000    -0.25    -4.46  0.  0.   1
    21    0.618    1.496      4.187  0.000    -0.25    -4.46  0.  0.   1
    21    0.161   -0.075     -0.237  0.000    -0.25    -4.46  0.  0.   1
    21    0.727   -0.544      0.668  0.000     0.12    -1.69  0.  0.   1
    21   -1.742    0.526      5.983  0.000     0.09    -2.28  0.  0.   1
    21    0.170    0.263      7.414  0.000     0.09    -2.28  0.  0.   1
    21   -0.033    0.157     13.720  0.000     0.09    -2.28  0.  0.   1
    21   -0.760    0.150      4.325  0.000     0.09    -2.28  0.  0.   1
    21   -0.042    1.034      7.309  0.000     0.09    -2.28  0.  0.   1
    21    0.078   -0.469      2.472  0.000     0.09    -2.28  0.  0.   1
    21    0.122    0.389      0.542  0.000     0.09    -2.28  0.  0.   1
    21   -0.363    0.103      5.384  0.000    -3.30     0.38  0.  0.   1
    21   -0.540   -1.236      4.028  0.000    -3.30     0.38  0.  0.   1
    21    0.496   -3.591    -12.909  0.000    -3.30     0.38  0.  0.   1
    21   -0.633   -0.035      7.247  0.000     2.61     4.91  0.  0.   1
    21   -2.287    0.689     11.847  0.000     2.61     4.91  0.  0.   1
    21    0.170   -0.134      2.086  0.000     2.61     4.91  0.  0.   1
    21    1.468    0.742      5.780  0.000     2.61     4.91  0.  0.   1
    21    0.873   -0.268      1.214  0.000     2.61     4.91  0.  0.   1
    21   -0.029   -0.118     -0.122  0.000     2.61     4.91  0.  0.   1
    21    1.600    0.206      3.858  0.000     2.61     4.91  0.  0.   1
    21    0.429   -2.123      2.287  0.000     2.61     4.91  0.  0.   1
    21   -0.289   -1.390     19.292  0.000     0.52     0.19  0.  0.   1
    21   -3.782    1.450     18.381  0.000     0.52     0.19  0.  0.   1
    21    0.216   -0.892      1.195  0.000     0.52     0.19  0.  0.   1
    21    1.007    1.030     -3.397  0.000     3.47    -3.45  0.  0.   1
    21    0.789   -0.684      0.946  0.000    -2.60    -4.04  0.  0.   1
    21    0.253    0.960      8.527  0.000    -2.60    -4.04  0.  0.   1
    21   -0.116    0.761      3.514  0.000    -2.60    -4.04  0.  0.   1
    21    1.962    0.033      3.137  0.000    -2.60    -4.04  0.  0.   1
    21   -1.392    0.444     -1.106  0.000    -2.60    -4.04  0.  0.   1
    21    0.123    0.412      0.826  0.000    -2.60    -4.04  0.  0.   1
    21   -2.603   -2.535     17.114  0.000    -2.60    -4.04  0.  0.   1
    21    1.496    0.951      6.520  0.000    -2.60    -4.04  0.  0.   1
    21   -0.164    0.664      2.363  0.000    -2.60    -4.04  0.  0.   1
    21    0.358   -0.757      6.344  0.000    -2.60    -4.04  0.  0.   1
    21   -0.579   -0.050      1.692  0.000    -2.60    -4.04  0.  0.   1
    21    0.194    0.334     11.878  0.000    -2.60    -4.04  0.  0.   1
    21    0.297    0.254      2.328  0.000    -2.60    -4.04  0.  0.   1
    21   -0.862   -0.632      3.778  0.000     1.57    -0.28  0.  0.   1
    21   -0.493    0.505      3.075  0.000     1.57    -0.28  0.  0.   1
    21    0.606   -0.652      8.014  0.000     1.57    -0.28  0.  0.   1
    21   -0.147    0.221      0.729  0.000     1.57    -0.28  0.  0.   1
    21    2.460    3.341      3.548  0.000     1.57    -0.28  0.  0.   1
    21    2.258   -2.795     -8.502  0.000     1.57    -0.28  0.  0.   1
    21    0.342   -0.579     -0.052  0.000     1.57    -0.28  0.  0.   1
    21   -0.605   -0.723      1.610  0.000    -0.24    -5.44  0.  0.   1
    21   -2.053   -1.018     15.561  0.000    -0.24    -5.44  0.  0.   1
    21   -2.196    0.426     19.427  0.000    -0.24    -5.44  0.  0.   1
    21   -0.158   -0.533      0.856  0.000    -0.24    -5.44  0.  0.   1
    21   -0.100   -0.531      0.563  0.000    -0.24    -5.44  0.  0.   1
    21    0.178    0.465     -0.046  0.000    -0.24    -5.44  0.  0.   1
     3   -0.297    0.099     -0.151  0.199    -0.24    -5.44  0.  0.   1
    -3    2.024    2.792     -3.060  0.199    -0.24    -5.44  0.  0.   1
    21   -0.155    0.943      0.041  0.000    -0.24    -5.44  0.  0.   1
    21    1.209   -0.366     -1.003  0.000    -0.24    -5.44  0.  0.   1
    21    0.976   -0.473      4.672  0.000    -0.24    -5.44  0.  0.   1
    21   -2.861   -0.896     -2.898  0.000    -0.24    -5.44  0.  0.   1
    21   -0.149    0.549      0.729  0.000    -0.24    -5.44  0.  0.   1
    21   -0.005   -0.521      0.917  0.000    -0.24    -5.44  0.  0.   1
     1   -0.518   -0.389     -1.401  0.010    -0.24    -5.44  0.  0.   1
    -3   -0.456    0.468     -0.028  0.199    -0.24    -5.44  0.  0.   1
    21   -1.062    0.575      5.211  0.000    -0.24    -5.44  0.  0.   1
     3    0.688    0.179     -1.868  0.199    -0.24    -5.44  0.  0.   1
    -1    1.040   -2.391     -2.593  0.010    -0.24    -5.44  0.  0.   1
    21   -0.527   -0.976      4.654  0.000    -5.03    -0.51  0.  0.   1
    21   -0.867    0.403      4.950  0.000    -5.03    -0.51  0.  0.   1
    21   -0.403   -0.129      0.901  0.000    -5.03    -0.51  0.  0.   1
    21    2.190   -0.742      5.354  0.000    -5.03    -0.51  0.  0.   1
    21    0.757   -1.117      9.356  0.000    -5.03    -0.51  0.  0.   1
    21   -0.756    0.820      0.629  0.000    -5.03    -0.51  0.  0.   1
    21   -2.721    2.766      2.308  0.000    -5.03    -0.51  0.  0.   1
    21   -0.583    1.136      5.639  0.000    -0.25    -2.12  0.  0.   1
    21   -0.899   -1.178      3.354  0.000    -0.25    -2.12  0.  0.   1
    21   -0.331    0.013     -0.370  0.000    -0.25    -2.12  0.  0.   1
     1    0.451    0.303     -0.327  0.010    -0.25    -2.12  0.  0.   1
    -1   -1.415    1.512      4.059  0.010    -0.25    -2.12  0.  0.   1
    21   -0.620   -0.714      1.426  0.000    -0.25    -2.12  0.  0.   1
    21    0.510   -1.347      4.353  0.000    -0.25    -2.12  0.  0.   1
    21    0.589    0.226     -0.395  0.000    -0.25    -2.12  0.  0.   1
    21    2.477    2.460      1.341  0.000    -0.25    -2.12  0.  0.   1
    21    0.559   -0.797      0.041  0.000    -0.25    -2.12  0.  0.   1
    21   -0.276   -1.006      2.837  0.000    -0.25    -2.12  0.  0.   1
    21   -1.785    0.546      3.541  0.000    -1.33    -2.49  0.  0.   1
    21    0.018   -0.180      2.511  0.000    -1.33    -2.49  0.  0.   1
    21   -2.853   -1.669      1.692  0.000    -1.33    -2.49  0.  0.   1
    21   -0.097   -0.727     -5.572  0.000    -1.33    -2.49  0.  0.   1
    21    0.031    0.463      3.720  0.000    -1.33    -2.49  0.  0.   1
    21    0.311   -0.813     13.894  0.000    -1.33    -2.49  0.  0.   1
    21   -0.838   -3.442     15.846  0.000    -1.33    -2.49  0.  0.   1
    21    0.338   -0.725      1.328  0.000    -1.33    -2.49  0.  0.   1
    21   -0.584    0.198     -0.244  0.000    -2.02    -3.52  0.  0.   1
    21    0.405   -0.099     -0.042  0.000    -2.02    -3.52  0.  0.   1
    21    0.404   -0.153      0.365  0.000    -2.02    -3.52  0.  0.   1
    21   -0.636    0.215      7.791  0.000    -2.02    -3.52  0.  0.   1
    21    0.417   -0.069     20.406  0.000    -2.02    -3.52  0.  0.   1
    21    0.296   -0.035     -1.473  0.000    -2.02    -3.52  0.  0.   1
    21   -2.043    1.606     13.993  0.000    -2.02    -3.52  0.  0.   1
    21    1.817    0.622      3.959  0.000    -2.02    -3.52  0.  0.   1
    21   -2.806   -3.385      0.271  0.000    -2.02    -3.52  0.  0.   1
    21   -0.500   -0.615      0.601  0.000     1.97    -0.39  0.  0.   1
    21    0.445    0.837     -1.148  0.000     1.97    -0.39  0.  0.   1
    21   -0.468    0.275      4.073  0.000     1.97    -0.39  0.  0.   1
    21    0.594   -0.285      2.549  0.000     1.97    -0.39  0.  0.   1
    21   -0.172   -0.985      2.861  0.000     1.97    -0.39  0.  0.   1
    21   -0.444    0.242      0.627  0.000     1.97    -0.39  0.  0.   1
    21   -1.978   -1.866      2.830  0.000     1.97    -0.39  0.  0.   1
    21   -0.102    0.314      0.099  0.000     1.97    -0.39  0.  0.   1
    21   -0.787    0.836      2.531  0.000    -2.21     2.58  0.  0.   1
    21    0.537   -0.611      2.684  0.000    -2.21     2.58  0.  0.   1
    21    0.921    0.344      3.225  0.000    -2.21     2.58  0.  0.   1
    21   -2.469    0.241      6.353  0.000    -2.21     2.58  0.  0.   1
    21    0.468    0.507      1.802  0.000    -2.21     2.58  0.  0.   1
    21    1.466   -3.829     -3.758  0.000    -2.48    -0.94  0.  0.   1
    21    0.095    0.315     -0.330  0.000    -2.48    -0.94  0.  0.   1
    21   -1.746    1.220     14.171  0.000    -2.48    -0.94  0.  0.   1
    21   -0.817    1.413      5.436  0.000    -2.48    -0.94  0.  0.   1
    21    0.274   -1.374      7.898  0.000    -2.48    -0.94  0.  0.   1
    21    0.352    0.293      7.510  0.000    -2.48    -0.94  0.  0.   1
    21   -0.333   -0.373      1.174  0.000    -2.48    -0.94  0.  0.   1
    21   -0.147   -0.333      0.769  0.000    -2.48    -0.94  0.  0.   1
    21    1.523   -1.724     -3.252  0.000    -2.48    -0.94  0.  0.   1
    21   -0.502   -0.525     -0.437  0.000    -2.48    -0.94  0.  0.   1
    21   -0.666   -0.813     15.225  0.000     3.81    -2.91  0.  0.   1
    21   -0.574   -1.191      3.991  0.000     3.81    -2.91  0.  0.   1
    21   -0.680   -0.069      2.957  0.000     0.63     3.02  0.  0.   1
    21   -0.619    0.993      3.671  0.000     0.63     3.02  0.  0.   1
    21   -0.269   -0.168      6.834  0.000     0.63     3.02  0.  0.   1
    21   -1.085    0.093      3.061  0.000     0.63     3.02  0.  0.   1
    21   -0.209   -0.720      3.063  0.000     0.63     3.02  0.  0.   1
    21   -0.257    0.489      0.675  0.000     0.63     3.02  0.  0.   1
    21    1.395   -1.239      1.092  0.000     0.63     3.02  0.  0.   1
    21    0.349    0.493     -0.789  0.000     0.63     3.02  0.  0.   1
    21   -0.340   -0.389      0.002  0.000     0.63     3.02  0.  0.   1
    21   -1.710    2.687      1.094  0.000     0.63     3.02  0.  0.   1
    21   -0.348   -0.009     -0.297  0.000     0.63     3.02  0.  0.   1
    21    0.380    0.274     -0.886  0.000     0.63     3.02  0.  0.   1
    21   -1.919   -0.345      4.631  0.000    -1.12     2.27  0.  0.   1
    21   -0.911   -0.085      9.209  0.000    -1.58     3.81  0.  0.   1
    21   -1.210    0.177     15.394  0.000     3.77     5.96  0.  0.   1
    21   -1.378    1.480     38.337  0.000     3.77     5.96  0.  0.   1
    21    0.494    0.437      1.216  0.000     3.77     5.96  0.  0.   1
    21   -0.045   -2.083      7.340  0.000     3.77     5.96  0.  0.   1
    21   -1.802    0.248      3.472  0.000    -2.70     4.48  0.  0.   1
    21   -0.065   -0.399      1.652  0.000    -2.70     4.48  0.  0.   1
    21    0.176   -1.331      3.437  0.000    -1.89    -2.45  0.  0.   1
    21   -0.755   -0.733      8.159  0.000    -1.89    -2.45  0.  0.   1
    21    0.270    0.217      0.183  0.000    -1.89    -2.45  0.  0.   1
    21   -0.224    0.790     -0.150  0.000    -1.89    -2.45  0.  0.   1
    21   -1.373    3.259      3.351  0.000    -1.89    -2.45  0.  0.   1
    21    0.460   -0.023     -0.218  0.000    -1.89    -2.45  0.  0.   1
    21    1.017    0.246     -6.241  0.000    -1.89    -2.45  0.  0.   1
    21   -0.670    0.352      2.151  0.000    -1.89    -2.45  0.  0.   1
    21    0.598    1.121      3.738  0.000    -0.29     5.23  0.  0.   1
    21   -0.239   -0.310      0.671  0.000    -0.29     5.23  0.  0.   1
    21   -0.482    0.171     -1.105  0.000    -0.29     5.23  0.  0.   1
    21   -0.195    0.071     -0.113  0.000    -0.29     5.23  0.  0.   1
    21   -0.742   -0.892      2.049  0.000    -0.29     5.23  0.  0.   1
    21    0.351   -0.043     -0.064  0.000     3.37     0.23  0.  0.   1
    21   -0.832   -1.992     -1.178  0.000     3.37     0.23  0.  0.   1
     1    1.729    2.781      4.750  0.010     1.23    -2.58  0.  0.   1
    -1   -0.417   -0.520      0.612  0.010     1.23    -2.58  0.  0.   1
    21   -1.919    0.033      7.239  0.000     1.23    -2.58  0.  0.   1
    21   -0.234   -0.954     -0.806  0.000     2.66     4.89  0.  0.   1
    21   -1.512   -0.637     -6.149  0.000     2.66     4.89  0.  0.   1
    21    0.089   -0.503     -0.041  0.000     2.66     4.89  0.  0.   1
    21    1.249    1.412     10.292  0.000     2.66     4.89  0.  0.   1
    21   -0.447    0.150      2.231  0.000     2.66     4.89  0.  0.   1
    21   -0.252   -0.473      1.074  0.000     2.66     4.89  0.  0.   1
    21    0.495    1.164      0.676  0.000     2.66     4.89  0.  0.   1
    21   -1.556   -0.494      5.422  0.000    -0.62    -5.64  0.  0.   1
    21   -0.807    1.340      8.778  0.000    -0.62    -5.64  0.  0.   1
    21    0.861    0.280      3.982  0.000    -0.62    -5.64  0.  0.   1
    21   -0.032    0.027      2.079  0.000    -0.62    -5.64  0.  0.   1
    21    0.320   -2.305      6.443  0.000    -0.62    -5.64  0.  0.   1
    21   -0.405   -0.509      0.621  0.000     2.37    -5.28  0.  0.   1
    21    0.957    0.621      3.397  0.000     2.37    -5.28  0.  0.   1
    21    0.358    0.574     -0.339  0.000     2.37    -5.28  0.  0.   1
    21    0.664   -0.540      0.175  0.000     2.37    -5.28  0.  0.   1
    21    0.995   -0.910     -5.685  0.000    -0.40    -2.02  0.  0.   1
     2    0.813   -1.361     -5.423  0.006     1.85    -1.29  0.  0.   1
    -2   -0.546    0.520     -9.200  0.006     1.85    -1.29  0.  0.   1
    21    1.078   -0.484     -1.684  0.000     1.85    -1.29  0.  0.   1
    21    0.530   -0.220      1.695  0.000     1.85    -1.29  0.  0.   1
     3    0.328    1.845      4.204  0.199     1.85    -1.29  0.  0.   1
    -3   -1.956    1.636      5.540  0.199     1.85    -1.29  0.  0.   1
    21   -0.228    0.075      7.761  0.000     1.85    -1.29  0.  0.   1
    21    0.832    0.149      2.426  0.000    -2.24     1.27  0.  0.   1
    21    0.286    1.934      3.700  0.000    -2.24     1.27  0.  0.   1
    21    0.738   -0.751      1.000  0.000    -2.24     1.27  0.  0.   1
    21   -0.937   -0.272      1.520  0.000    -2.24     1.27  0.  0.   1
    21   -0.017    1.876    -15.289  0.000    -2.24     1.27  0.  0.   1
    21   -0.523    0.547    -10.756  0.000    -2.24     1.27  0.  0.   1
    21    0.500    0.247     -0.745  0.000    -2.24     1.27  0.  0.   1
    21   -0.236    0.162      0.416  0.000    -3.92     2.20  0.  0.   1
    21    0.126   -0.207      0.376  0.000    -3.92     2.20  0.  0.   1
    21   -0.365    0.244      4.045  0.000    -3.92     2.20  0.  0.   1
    21    0.741    0.355      0.339  0.000    -3.92     2.20  0.  0.   1
     2    0.813   -1.087      0.970  0.006    -3.92     2.20  0.  0.   1
    -2   -1.025   -1.227      1.025  0.006    -3.92     2.20  0.  0.   1
    21    0.441   -0.416      0.862  0.000     0.58    -3.33  0.  0.   1
    21    0.371   -0.177      0.209  0.000     0.58    -3.33  0.  0.   1
    21    0.773    0.593      2.850  0.000     0.58    -3.33  0.  0.   1
    21   -0.498    1.312      4.788  0.000     0.58    -3.33  0.  0.   1
    21   -0.487   -0.148      2.914  0.000     0.58    -3.33  0.  0.   1
    21   -0.172   -0.073      0.614  0.000    -5.88     1.71  0.  0.   1
    21    0.894    0.014      8.588  0.000    -5.88     1.71  0.  0.   1
    21    1.990   -0.861      6.617  0.000    -5.88     1.71  0.  0.   1
    21   -0.512    0.235      0.375  0.000    -5.88     1.71  0.  0.   1
    21    0.513   -0.300     -4.553  0.000    -5.88     1.71  0.  0.   1
    21   -0.580   -0.182     -2.292  0.000    -5.88     1.71  0.  0.   1
    21   -1.572    1.857    -14.347  0.000    -5.88     1.71  0.  0.   1
    21    0.205   -0.065      0.148  0.000     3.61    -0.81  0.  0.   1
    21   -1.005    3.733     -0.973  0.000     3.61    -0.81  0.  0.   1
    21   -0.659   -0.313     -1.036  0.000     3.61    -0.81  0.  0.   1
    21    0.071   -0.376      3.423  0.000     3.61    -0.81  0.  0.   1
    21    1.064    0.453      6.103  0.000     3.61    -0.81  0.  0.   1
    21    0.770   -0.012     -1.901  0.000     3.61    -0.81  0.  0.   1
    21   -1.772    2.228      1.642  0.000     3.61    -0.81  0.  0.   1
    21   -1.070    1.511     -0.985  0.000     3.61    -0.81  0.  0.   1
    21    0.020   -0.283      0.031  0.000     3.61    -0.81  0.  0.   1
    21    0.104   -0.413      0.635  0.000     3.61    -0.81  0.  0.   1
    21    1.446    0.713      4.583  0.000     3.61    -0.81  0.  0.   1
    21   -0.030   -2.844     10.013  0.000     3.61    -0.81  0.  0.   1
    21   -1.041   -0.188      3.774  0.000     3.61    -0.81  0.  0.   1
    21    0.441   -0.312      1.650  0.000     3.61    -0.81  0.  0.   1
    21    0.037   -0.318      0.147  0.000     3.61    -0.81  0.  0.   1
    21    0.883    0.479     -0.068  0.000    -1.98    -2.24  0.  0.   1
    21    0.903   -1.506      0.879  0.000    -1.98    -2.24  0.  0.   1
    21    2.306   -0.251      0.889  0.000    -1.98    -2.24  0.  0.   1
    21    0.076   -0.236      0.229  0.000    -1.98    -2.24  0.  0.   1
    21   -0.490    0.231      0.937  0.000    -1.98    -2.24  0.  0.   1
    21   -1.267    2.631      1.768  0.000    -1.98    -2.24  0.  0.   1
    21    0.495   -0.013      0.193  0.000    -1.98    -2.24  0.  0.   1
    21   -0.586    0.216      1.237  0.000    -1.98    -2.24  0.  0.   1
    21   -0.471   -2.117     32.183  0.000    -1.98    -2.24  0.  0.   1
    21    0.915   -0.700      8.832  0.000    -1.98    -2.24  0.  0.   1
    21   -0.012    0.203      0.792  0.000    -1.98    -2.24  0.  0.   1
    21   -0.845   -0.546      0.639  0.000    -1.98    -2.24  0.  0.   1
    21    1.148    1.646      1.955  0.000    -1.98    -2.24  0.  0.   1
    21    0.927    0.139      0.353  0.000    -1.98    -2.24  0.  0.   1
    21   -0.333    1.345     25.718  0.000    -1.98    -2.24  0.  0.   1
    21    0.623    0.864      9.967  0.000    -1.98    -2.24  0.  0.   1
    21    0.746   -0.244      3.441  0.000    -1.98    -2.24  0.  0.   1
    21   -0.266   -0.126     -0.768  0.000    -1.98    -2.24  0.  0.   1
    21    0.302   -0.061     -0.086  0.000    -1.98    -2.24  0.  0.   1
    21   -2.209   -2.106      2.516  0.000    -1.98    -2.24  0.  0.   1
    21   -0.786   -1.071      0.189  0.000    -1.98    -2.24  0.  0.   1
    21    0.568   -0.425      1.452  0.000    -1.98    -2.24  0.  0.   1
    21   -0.534   -0.489      5.139  0.000    -1.98    -2.24  0.  0.   1
    21    0.804   -0.866      1.659  0.000    -2.03    -3.88  0.  0.   1
    21    1.721   -2.575      6.843  0.000    -2.03    -3.88  0.  0.   1
    21    0.367   -0.113      4.185  0.000    -0.62     5.65  0.  0.   1
    21    0.181   -0.022      0.003  0.000    -0.62     5.65  0.  0.   1
    21   -3.298   -1.745      3.232  0.000    -0.62     5.65  0.  0.   1
    21   -2.006    0.983      5.876  0.000    -0.62     5.65  0.  0.   1
    21    0.306    1.025      1.049  0.000    -0.62     5.65  0.  0.   1
    21    0.220    0.047      0.072  0.000    -0.62     5.65  0.  0.   1
    21    1.399   -3.147     -2.680  0.000    -0.62     5.65  0.  0.   1
    21   -0.413   -2.938     23.684  0.000     4.11     1.84  0.  0.   1
    21   -0.367    0.293      7.015  0.000     4.11     1.84  0.  0.   1
    21   -0.304    0.094      0.540  0.000     4.11     1.84  0.  0.   1
    21   -0.555    0.155      3.374  0.000     2.89    -3.96  0.  0.   1
    21    0.307    0.130     11.073  0.000     2.89    -3.96  0.  0.   1
    21   -0.739   -0.806     24.328  0.000     2.89    -3.96  0.  0.   1
    21   -0.776   -0.216     -1.585  0.000    -2.54    -0.81  0.  0.   1
    21   -0.965    0.246      4.586  0.000    -0.24     3.97  0.  0.   1
    21    0.267   -0.076      6.550  0.000    -0.24     3.97  0.  0.   1
    21    0.007   -0.201      0.113  0.000    -2.74     1.72  0.  0.   1
    21   -1.220    1.570     10.061  0.000    -2.74     1.72  0.  0.   1
    21    0.847    0.121      6.969  0.000    -2.74     1.72  0.  0.   1
    21   -0.649   -0.238      0.678  0.000    -2.74     1.72  0.  0.   1
    21   -0.995    0.470      5.967  0.000    -2.74     1.72  0.  0.   1
    21   -0.384    0.205     -0.099  0.000    -2.74     1.72  0.  0.   1
    21    1.860    0.305     -1.795  0.000    -2.74     1.72  0.  0.   1
    21    0.584    0.203      0.068  0.000    -2.74     1.72  0.  0.   1
    21   -0.517   -0.059      6.712  0.000    -2.40    -3.51  0.  0.   1
    21    0.697   -0.350      4.476  0.000    -2.40    -3.51  0.  0.   1
    21    0.711    0.076      2.656  0.000    -2.40    -3.51  0.  0.   1
    21   -1.599   -0.243      9.246  0.000    -2.40    -3.51  0.  0.   1
    21   -0.431    0.276     -0.164  0.000    -2.40    -3.51  0.  0.   1
    21   -1.006   -1.152      0.258  0.000    -2.40    -3.51  0.  0.   1
    21    0.025    0.028      0.844  0.000    -2.40    -3.51  0.  0.   1
    21   -0.905    0.961      2.140  0.000    -2.40    -3.51  0.  0.   1
    21    0.476    0.074      0.817  0.000    -2.40    -3.51  0.  0.   1
    21    0.156    0.218      1.313  0.000    -2.40    -3.51  0.  0.   1
    21   -1.181   -0.826      4.989  0.000    -2.40    -3.51  0.  0.   1
     1    0.264   -0.477     -0.428  0.010    -2.40    -3.51  0.  0.   1
    -1   -0.128   -1.381    -15.535  0.010    -2.40    -3.51  0.  0.   1
    21    0.947    1.229      2.522  0.000    -3.57     2.41  0.  0.   1
    21    0.250    0.135     -0.127  0.000    -3.57     2.41  0.  0.   1
    21   -0.830   -1.301      4.272  0.000    -3.57     2.41  0.  0.   1
    21   -0.290    0.607     -0.907  0.000    -3.57     2.41  0.  0.   1
    21   -1.209   -0.120     -0.742  0.000    -3.57     2.41  0.  0.   1
    21   -0.243   -2.836     -0.902  0.000    -3.57     2.41  0.  0.   1
    21   -3.060    0.351      3.206  0.000    -1.74     3.80  0.  0.   1
    21   -0.569    0.949      0.789  0.000    -1.74     3.80  0.  0.   1
    21   -2.487   -0.517     16.107  0.000    -1.74     3.80  0.  0.   1
    21   -0.322    0.191      0.134  0.000    -1.74     3.80  0.  0.   1
    21    0.646   -0.415      2.713  0.000    -1.74     3.80  0.  0.   1
    21   -0.390   -0.408      1.358  0.000    -1.74     3.80  0.  0.   1
    21    0.788   -0.621      4.882  0.000    -1.74     3.80  0.  0.   1
     1    0.198    0.349      1.327  0.010    -1.74     3.80  0.  0.   1
    -1   -1.183    0.637      0.305  0.010    -1.74     3.80  0.  0.   1
    21   -2.527    0.204     -0.778  0.000     3.26     3.95  0.  0.   1
    21    1.467    0.706     -1.700  0.000     3.26     3.95  0.  0.   1
    21   -0.257   -1.013     20.866  0.000     3.26     3.95  0.  0.   1
    21   -1.107    0.885      8.129  0.000     3.26     3.95  0.  0.   1
    21   -0.742    0.996      3.725  0.000     3.26     3.95  0.  0.   1
    21    0.288   -0.208     -0.123  0.000     3.26     3.95  0.  0.   1
    21    0.253   -0.783      5.602  0.000     4.19     1.51  0.  0.   1
    21    1.039    0.222      4.923  0.000     4.19     1.51  0.  0.   1
    21   -0.722   -0.288      1.184  0.000     4.19     1.51  0.  0.   1
    21    0.099    1.707      7.993  0.000     4.19     1.51  0.  0.   1
    21    0.186   -0.395      0.908  0.000     4.19     1.51  0.  0.   1
    21   -0.027    0.036      0.737  0.000     4.19     1.51  0.  0.   1
    21    0.697   -1.318      1.671  0.000     4.19     1.51  0.  0.   1
    21    1.386   -1.288      4.995  0.000     4.19     1.51  0.  0.   1
    21   -0.923   -1.010      1.272  0.000     4.19     1.51  0.  0.   1
    21    0.003    0.141      2.545  0.000     4.19     1.51  0.  0.   1
    21   -1.037   -1.392      2.592  0.000     4.19     1.51  0.  0.   1
    21   -0.460    0.910      4.562  0.000     4.19     1.51  0.  0.   1
    21    1.190   -1.181     11.084  0.000     4.19     1.51  0.  0.   1
    21    0.358    0.286      0.585  0.000     4.19     1.51  0.  0.   1
    21   -0.532   -0.650      4.773  0.000    -3.70    -1.49  0.  0.   1
    21    0.436    0.508      1.156  0.000    -3.70    -1.49  0.  0.   1
    21   -1.464    0.169      5.776  0.000    -3.70    -1.49  0.  0.   1
    21    0.241    0.192      9.479  0.000    -3.70    -1.49  0.  0.   1
    21   -0.336    0.557     -0.143  0.000    -3.70    -1.49  0.  0.   1
    21    0.412   -0.929      3.282  0.000    -1.14     1.90  0.  0.   1
    21   -0.358    0.763      0.026  0.000    -1.14     1.90  0.  0.   1
    21   -1.342   -0.724     -4.421  0.000    -1.14     1.90  0.  0.   1
    21    0.153   -1.443      6.550  0.000     1.38     0.88  0.  0.   1
    21    0.950   -0.098    -17.257  0.000     1.38     0.88  0.  0.   1
    21    1.988    1.791    -21.188  0.000     1.38     0.88  0.  0.   1
    21    0.536   -1.436     -6.267  0.000     1.38     0.88  0.  0.   1
    21    0.239    1.080     -1.960  0.000    -1.93    -2.02  0.  0.   1
    21    0.978    0.381     -1.891  0.000    -1.93    -2.02  0.  0.   1
    21    2.417    0.575      0.898  0.000    -1.93    -2.02  0.  0.   1
    21    0.128   -0.206     -0.072  0.000     0.76     2.33  0.  0.   1
    21   -0.132    0.257     -0.105  0.000     3.87    -0.46  0.  0.   1
    21   -0.465   -0.674      0.629  0.000     1.07    -5.74  0.  0.   1
    21    0.993   -0.970      8.346  0.000     1.07    -5.74  0.  0.   1
    21    0.383    0.040      1.858  0.000     1.07    -5.74  0.  0.   1
    21   -1.614    0.189      6.131  0.000     1.07    -5.74  0.  0.   1
    21   -0.301    0.814      4.356  0.000     0.51     2.48  0.  0.   1
    21    0.252   -0.362      3.390  0.000     0.51     2.48  0.  0.   1
    21    0.159   -1.454      8.116  0.000     0.51     2.48  0.  0.   1
    21   -0.931   -0.728     11.893  0.000    -0.77    -2.94  0.  0.   1
    21   -0.252    1.267      5.430  0.000    -0.77    -2.94  0.  0.   1
    21   -0.433   -0.426      2.558  0.000    -0.77    -2.94  0.  0.   1
    21   -0.110   -0.422      0.144  0.000    -0.77    -2.94  0.  0.   1
    21    0.424    1.085      4.614  0.000    -0.77    -2.94  0.  0.   1
    21    0.468   -0.852      3.585  0.000     1.53     1.58  0.  0.   1
    21   -0.371    0.343      0.351  0.000     1.53     1.58  0.  0.   1
    21   -0.425   -0.992     -2.046  0.000     1.53     1.58  0.  0.   1
    21    0.889   -1.082     -1.145  0.000     1.53     1.58  0.  0.   1
    21   -1.227   -0.032     10.237  0.000     1.53     1.58  0.  0.   1
    21   -0.529   -0.352     -0.790  0.000     1.53     1.58  0.  0.   1
    21   -0.468   -0.300     -0.050  0.000     1.53     1.58  0.  0.   1
    21   -0.077    1.875      3.025  0.000     1.53     1.58  0.  0.   1
    21    0.119   -0.742      3.675  0.000     1.53     1.58  0.  0.   1
    21    1.615    1.198      8.661  0.000     1.53     1.58  0.  0.   1
    21   -0.785    0.138      2.995  0.000     1.53     1.58  0.  0.   1
    21   -0.733    0.366      0.527  0.000     1.53     1.58  0.  0.   1
    21   -0.486    0.257      0.218  0.000     1.53     1.58  0.  0.   1
    21   -0.990   -2.869    -26.741  0.000     1.53     1.58  0.  0.   1
    21   -0.324    0.614     -2.563  0.000     1.53     1.58  0.  0.   1
    21   -1.126    0.520      8.483  0.000     1.53     1.58  0.  0.   1
    21    0.261   -0.155     -0.402  0.000     1.53     1.58  0.  0.   1
    21    3.173    3.730      0.080  0.000     1.53     1.58  0.  0.   1
    21    1.772    1.617     -1.068  0.000     1.53     1.58  0.  0.   1
    21   -0.454   -1.457      3.808  0.000     1.53     1.58  0.  0.   1
    21   -0.551   -5.925     10.519  0.000     1.53     1.58  0.  0.   1
    21    0.263   -1.849      2.332  0.000     1.53     1.58  0.  0.   1
    21    1.799   -1.172      4.519  0.000     1.53     1.58  0.  0.   1
    21    0.971   -1.849      5.882  0.000     1.53     1.58  0.  0.   1
    21    2.785    2.732     11.148  0.000    -1.97     1.71  0.  0.   1
    21    0.884   -2.503     10.549  0.000    -1.97     1.71  0.  0.   1
    21   -0.416   -0.015      0.620  0.000    -1.97     1.71  0.  0.   1
    21    0.934    0.113      3.594  0.000    -1.97     1.71  0.  0.   1
    21   -0.483    0.422      2.849  0.000    -2.26     2.50  0.  0.   1
    21   -0.097    1.005      2.607  0.000    -2.26     2.50  0.  0.   1
     3   -0.325    0.818      1.035  0.199    -2.26     2.50  0.  0.   1
    -3    1.383    0.848      6.211  0.199    -2.26     2.50  0.  0.   1
    21   -0.313    0.318      2.391  0.000    -2.26     2.50  0.  0.   1
    21   -1.033   -0.666      2.653  0.000    -2.26     2.50  0.  0.   1
    21   -1.200   -0.026      8.443  0.000    -2.26     2.50  0.  0.   1
    21   -0.327    1.662      4.286  0.000    -2.26     2.50  0.  0.   1
    21    0.505    0.695      1.955  0.000    -2.26     2.50  0.  0.   1
    21   -0.546    1.461      4.140  0.000    -2.26     2.50  0.  0.   1
    21   -0.757    0.003     -0.659  0.000    -2.26     2.50  0.  0.   1
    21    0.079    0.056     -2.351  0.000    -2.26     2.50  0.  0.   1
    21    1.356   -0.657     -4.219  0.000    -2.26     2.50  0.  0.   1
    21    1.612    2.178     -3.078  0.000    -2.26     2.50  0.  0.   1
    21    1.381    3.732     -3.397  0.000    -2.26     2.50  0.  0.   1
    21   -0.571    0.279      3.065  0.000    -2.26     2.50  0.  0.   1
    21    0.075   -0.375      0.207  0.000    -2.26     2.50  0.  0.   1
    21   -1.738    1.138      2.012  0.000    -2.26     2.50  0.  0.   1
    21    0.193    0.193     -0.434  0.000    -2.26     2.50  0.  0.   1
    21   -0.353   -2.550      1.554  0.000    -2.26     2.50  0.  0.   1
    21    0.353    0.743     20.331  0.000    -2.26     2.50  0.  0.   1
     1   -0.264   -0.219     -0.067  0.010    -2.54    -2.23  0.  0.   1
    -1   -0.587   -2.739      3.331  0.010    -2.54    -2.23  0.  0.   1
    21   -0.418   -0.190      2.701  0.000    -2.54    -2.23  0.  0.   1
    21   -0.532    0.579      0.797  0.000    -2.54    -2.23  0.  0.   1
    21    0.496   -0.065      1.019  0.000     1.56     3.52  0.  0.   1
    21   -0.977   -0.872      8.481  0.000     1.56     3.52  0.  0.   1
    21    0.088    1.086      6.943  0.000     1.56     3.52  0.  0.   1
    21    0.015   -0.432      1.565  0.000     1.56     3.52  0.  0.   1
    21    2.435   -1.886      5.741  0.000     1.56     3.52  0.  0.   1
    21   -0.484   -0.613      0.346  0.000     1.56     3.52  0.  0.   1
    21   -0.630    0.388     -0.797  0.000     1.56     3.52  0.  0.   1
    21   -1.835    0.501      1.061  0.000     1.56     3.52  0.  0.   1
    21    0.145    0.051     -0.306  0.000     1.56     3.52  0.  0.   1
    21   -0.271    0.659      1.722  0.000    -0.67    -0.96  0.  0.   1
    21    0.144   -0.933      0.127  0.000    -0.67    -0.96  0.  0.   1
    21    0.365   -1.692     12.105  0.000    -0.67    -0.96  0.  0.   1
    21    1.032    0.809      3.212  0.000    -0.67    -0.96  0.  0.   1
    21   -1.269   -0.955     -3.375  0.000    -0.67    -0.96  0.  0.   1
    21   -2.080    1.004     -3.184  0.000    -0.67    -0.96  0.  0.   1
    21    0.012    0.547     -0.916  0.000    -0.67    -0.96  0.  0.   1
    21    0.056    0.288     -0.465  0.000     1.98    -0.13  0.  0.   1
    21    0.292   -0.188     -0.256  0.000     1.98    -0.13  0.  0.   1
    21   -0.355    0.516      0.367  0.000     1.98    -0.13  0.  0.   1
    21    0.196   -0.401      0.138  0.000    -1.67    -2.00  0.  0.   1
    21    0.752    0.219      2.388  0.000    -1.67    -2.00  0.  0.   1
    21    1.065   -0.309      0.717  0.000    -1.67    -2.00  0.  0.   1
    21    1.053    1.446     -0.315  0.000    -1.67    -2.00  0.  0.   1
    21   -0.929    0.712      0.550  0.000     3.70     0.48  0.  0.   1
    21   -0.264    0.189     -0.071  0.000    -1.14    -0.50  0.  0.   1
    21    0.371    0.213      0.813  0.000    -1.14    -0.50  0.  0.   1
    21   -2.796   -0.349      9.320  0.000    -1.14    -0.50  0.  0.   1
    21   -0.007    0.017     -0.090  0.000    -1.14    -0.50  0.  0.   1
    21   -1.452    1.306     -2.011  0.000     0.34    -0.30  0.  0.   2
    21   -0.851   -1.315     -0.312  0.000     0.34    -0.30  0.  0.   2
    21   -1.421   -0.078      6.354  0.000     0.34    -0.30  0.  0.   2
    21    0.537   -0.649      1.089  0.000     0.34    -0.30  0.  0.   2
    21   -0.180   -0.952     -7.222  0.000     0.34    -0.30  0.  0.   2
    21    0.275    0.036     -6.628  0.000     0.34    -0.30  0.  0.   2
    21   -0.153    0.645     -0.898  0.000     0.34    -0.30  0.  0.   2
    21    0.485    1.079    -19.166  0.000    -2.20    -0.88  0.  0.   2
    21   -0.668    0.217     -0.446  0.000    -2.20    -0.88  0.  0.   2
    21   -0.531    1.451    -15.694  0.000     1.19    -0.16  0.  0.   2
    21    0.854    0.223    -11.338  0.000    -3.01    -0.74  0.  0.   2
    21   -0.530    0.401     -0.247  0.000    -3.01    -0.74  0.  0.   2
    21   -0.804   -0.441     -3.094  0.000    -1.68    -1.95  0.  0.   2
     1    0.042   -0.546     -1.150  0.010    -1.68    -1.95  0.  0.   2
    -1    0.736    0.232     -2.406  0.010    -1.68    -1.95  0.  0.   2
    21   -1.062    0.091     -0.321  0.000    -2.97     3.14  0.  0.   2
    21    0.115   -0.105     -7.194  0.000    -0.40    -2.78  0.  0.   2
    21   -0.281    0.312     -0.350  0.000    -0.40    -2.78  0.  0.   2
    21    0.255    1.131     -9.123  0.000    -0.40    -2.78  0.  0.   2
    21    0.499    0.206    -20.327  0.000    -0.40    -2.78  0.  0.   2
    21    0.913   -0.643    -11.908  0.000    -0.40    -2.78  0.  0.   2
    21    0.568   -0.205     -3.576  0.000    -0.40    -2.78  0.  0.   2
    21    0.788   -0.181     -1.094  0.000    -0.40    -2.78  0.  0.   2
    21    4.239    0.910     -2.020  0.000    -4.71     1.38  0.  0.   2
    21   -2.556   -0.777     -0.968  0.000    -4.71     1.38  0.  0.   2
    21    1.647   -2.071    -12.126  0.000    -4.71     1.38  0.  0.   2
    21   -0.243    0.497     -1.354  0.000    -0.78     2.11  0.  0.   2
    21    0.202    1.100     -3.986  0.000    -0.78     2.11  0.  0.   2
    21    0.777    2.538      0.827  0.000    -0.78     2.11  0.  0.   2
    21   -0.652    1.790     -0.149  0.000    -0.78     2.11  0.  0.   2
    21    1.176    0.900     -4.515  0.000    -0.78     2.11  0.  0.   2
    21   -0.138    0.148     -4.872  0.000    -0.78     2.11  0.  0.   2
    21   -0.432    0.011     -0.672  0.000    -0.78     2.11  0.  0.   2
    21   -0.362   -0.392      2.625  0.000     1.98    -1.65  0.  0.   2
    21    0.802   -0.167      4.363  0.000     1.98    -1.65  0.  0.   2
    21   -0.976    3.124     10.683  0.000     1.98    -1.65  0.  0.   2
    21    0.030   -0.070     -7.648  0.000     1.98    -1.65  0.  0.   2
    21    0.155   -0.076      0.590  0.000     1.98    -1.65  0.  0.   2
    21    0.832   -0.864     -8.971  0.000     1.98    -1.65  0.  0.   2
    21    0.122    0.438     -0.566  0.000     1.98    -1.65  0.  0.   2
    21   -1.494   -4.561     -0.683  0.000     1.98    -1.65  0.  0.   2
    21    0.733   -0.236      0.067  0.000    -1.26    -3.53  0.  0.   2
    21   -0.323   -0.870     -9.667  0.000     3.76     0.19  0.  0.   2
    21    0.225   -0.275     -5.674  0.000     3.76     0.19  0.  0.   2
    21   -0.078    0.619     -0.387  0.000     3.76     0.19  0.  0.   2
    21    1.265    0.239     -6.804  0.000     3.76     0.19  0.  0.   2
    21    1.106    0.341     -0.572  0.000     3.76     0.19  0.  0.   2
    21    3.504   -0.888     -4.264  0.000     0.01    -2.26  0.  0.   2
    21    2.179    0.827     -2.100  0.000     0.01    -2.26  0.  0.   2
    21   -1.559    1.149     -2.351  0.000     0.01    -2.26  0.  0.   2
    21   -1.467    0.537     -1.038  0.000     0.01    -2.26  0.  0.   2
    21   -2.662    0.077      0.908  0.000     0.01    -2.26  0.  0.   2
    21    1.060   -3.037     -2.965  0.000     0.01    -2.26  0.  0.   2
    21   -0.886   -0.062     -2.503  0.000     0.01    -2.26  0.  0.   2
    21    0.425    1.832     -1.292  0.000     0.01    -2.26  0.  0.   2
    21   -0.477   -0.155     -7.451  0.000     0.01    -2.26  0.  0.   2
    21    0.833   -0.625    -11.938  0.000     0.01    -2.26  0.  0.   2
    21    0.036    0.590     -2.058  0.000     0.01    -2.26  0.  0.   2
    21    1.628   -0.129     -5.106  0.000    -1.83    -2.82  0.  0.   2
    21   -0.347    0.241     -3.455  0.000    -1.83    -2.82  0.  0.   2
    21    0.153   -0.043      0.094  0.000    -1.83    -2.82  0.  0.   2
    21    0.120    1.171     -3.644  0.000    -1.83    -2.82  0.  0.   2
    21    0.566   -0.545     -3.186  0.000    -0.27    -0.62  0.  0.   2
    21    0.157    0.343     -7.691  0.000    -0.27    -0.62  0.  0.   2
    21   -0.122   -0.120      0.820  0.000    -0.27    -0.62  0.  0.   2
    21   -0.956    0.662     -2.875  0.000    -0.27    -0.62  0.  0.   2
    21   -1.029   -0.378     -0.417  0.000    -0.27    -0.62  0.  0.   2
    21   -2.642   -0.423     -3.450  0.000    -0.27    -0.62  0.  0.   2
    21    5.056   -0.414     -5.839  0.000    -0.27    -0.62  0.  0.   2
    21    0.353    0.022     -0.411  0.000    -0.27    -0.62  0.  0.   2
    21   -0.495   -0.450     -1.502  0.000    -0.27    -0.62  0.  0.   2
    21   -1.033    0.776    -10.091  0.000    -0.27    -0.62  0.  0.   2
    21    0.479    0.614     -1.295  0.000    -0.27    -0.62  0.  0.   2
    21   -0.363    0.475     -6.268  0.000    -0.27    -0.62  0.  0.   2
    21   -1.722   -1.405     -0.183  0.000    -0.27    -0.62  0.  0.   2
    21   -0.936    0.327      0.050  0.000    -0.27    -0.62  0.  0.   2
    21   -0.252   -0.107     -0.162  0.000    -0.27    -0.62  0.  0.   2
    21   -0.639   -0.514     -1.076  0.000    -0.27    -0.62  0.  0.   2
    21   -3.064    1.615     -2.915  0.000    -0.27    -0.62  0.  0.   2
    21   -0.198    0.569     -6.832  0.000    -0.27    -0.62  0.  0.   2
    21    0.435    0.005     -0.485  0.000    -0.27    -0.62  0.  0.   2
    21   -0.976    0.726    -16.304  0.000     1.23    -0.73  0.  0.   2
    21   -0.106    0.220     -0.410  0.000     1.23    -0.73  0.  0.   2
    21   -0.394   -0.954     -5.475  0.000     1.23    -0.73  0.  0.   2
    21    0.853   -0.888     -5.928  0.000     1.23    -0.73  0.  0.   2
    21    0.169   -0.485     -0.629  0.000     1.23    -0.73  0.  0.   2
    21   -1.121    0.362     -5.137  0.000    -0.44     2.22  0.  0.   2
    21   -0.999    2.003     -5.338  0.000    -0.44     2.22  0.  0.   2
    21    0.543    0.323     -1.263  0.000    -0.44     2.22  0.  0.   2
    21    2.411    1.673     -4.902  0.000    -0.44     2.22  0.  0.   2
    21    1.983   -0.923     -2.674  0.000    -0.44     2.22  0.  0.   2
    21    0.645    1.908      1.873  0.000     3.13    -4.02  0.  0.   2
    21    0.601    0.087      1.230  0.000     3.13    -4.02  0.  0.   2
    21    1.068   -0.593     -0.869  0.000     0.39     1.58  0.  0.   2
    21    0.929    0.299      0.050  0.000     0.09     5.17  0.  0.   2
    21   -0.216    1.402      2.230  0.000     0.09     5.17  0.  0.   2
    21    1.726    3.274      4.547  0.000     0.09     5.17  0.  0.   2
    21   -0.488    0.506      0.385  0.000     0.09     5.17  0.  0.   2
    21   -1.816   -0.468      3.137  0.000     0.09     5.17  0.  0.   2
    21    0.482    0.164     -6.583  0.000    -2.79    -3.10  0.  0.   2
    21   -0.674    1.180     -2.373  0.000    -2.79    -3.10  0.  0.   2
    21   -3.534   -1.429     -2.750  0.000    -2.79    -3.10  0.  0.   2
    21   -0.111    0.395     -1.960  0.000    -2.79    -3.10  0.  0.   2
    21   -0.515   -0.028     -0.813  0.000    -2.79    -3.10  0.  0.   2
    21    0.558   -0.037     -2.871  0.000    -2.79    -3.10  0.  0.   2
    21    0.846    1.397     -3.293  0.000    -2.79    -3.10  0.  0.   2
    21   -1.626   -2.558     -2.017  0.000    -2.79    -3.10  0.  0.   2
    21    0.569   -0.369      1.322  0.000    -2.79    -3.10  0.  0.   2
    21    0.256    1.436     -2.969  0.000    -2.79    -3.10  0.  0.   2
    21   -0.505   -0.771     -4.892  0.000    -2.79    -3.10  0.  0.   2
    21   -0.372   -0.416     -0.443  0.000    -3.71     0.98  0.  0.   2
    21   -0.674   -0.042     -2.983  0.000     2.73    -0.22  0.  0.   2
    21    0.251    1.974     -0.754  0.000     2.73    -0.22  0.  0.   2
    21   -0.024    0.273      0.264  0.000     2.73    -0.22  0.  0.   2
    21   -0.316    1.262     -3.880  0.000     2.73    -0.22  0.  0.   2
    21    2.512   -0.403     -3.007  0.000     2.73    -0.22  0.  0.   2
    21   -0.418    0.046      0.157  0.000     2.73    -0.22  0.  0.   2
    21   -0.132   -0.266     -1.005  0.000     2.73    -0.22  0.  0.   2
    21    0.819   -0.089     -4.809  0.000     2.73    -0.22  0.  0.   2
    21   -0.775    0.221     -1.618  0.000     2.73    -0.22  0.  0.   2
    21    0.670   -0.813     22.788  0.000     2.73    -0.22  0.  0.   2
    21   -0.597    0.258      6.172  0.000     2.73    -0.22  0.  0.   2
    21   -0.560   -0.559      3.887  0.000     2.73    -0.22  0.  0.   2
    21   -0.040   -0.374      0.971  0.000     2.73    -0.22  0.  0.   2
    21   -1.085    0.628     -6.228  0.000     0.19     0.75  0.  0.   2
    21    0.501    0.754     -2.466  0.000     0.19     0.75  0.  0.   2
    21    1.070   -0.390    -12.619  0.000     0.19     0.75  0.  0.   2
    21    0.114    1.159      5.363  0.000     2.95     1.87  0.  0.   2
    21   -1.412   -0.582     -2.702  0.000    -2.48    -2.64  0.  0.   2
    21    1.050    0.008     -5.822  0.000    -2.48    -2.64  0.  0.   2
    21   -0.479   -0.237      0.128  0.000    -2.48    -2.64  0.  0.   2
    21    0.217    1.400     -1.631  0.000    -2.48    -2.64  0.  0.   2
    21    1.278    0.404     -0.752  0.000    -2.48    -2.64  0.  0.   2
    21    0.041    0.884      0.015  0.000    -2.48    -2.64  0.  0.   2
    21    0.041    0.181      0.259  0.000    -2.48    -2.64  0.  0.   2
    21    0.883    0.191     -0.849  0.000    -2.48    -2.64  0.  0.   2
    21   -0.406   -0.724     -1.473  0.000    -2.48    -2.64  0.  0.   2
    21   -1.488    0.193     -5.350  0.000    -2.48    -2.64  0.  0.   2
    21   -0.651    0.688     -1.086  0.000    -2.48    -2.64  0.  0.   2
    21   -1.195   -0.389    -11.277  0.000    -2.48    -2.64  0.  0.   2
    21   -0.416    0.524     -1.166  0.000    -2.48    -2.64  0.  0.   2
    21    0.039    0.141     -0.163  0.000    -2.48    -2.64  0.  0.   2
    21    2.597   -2.165      3.541  0.000    -2.48    -2.64  0.  0.   2
    21   -0.160    0.162     -6.053  0.000    -2.48    -2.64  0.  0.   2
    21    0.768   -0.378     -6.313  0.000    -2.48    -2.64  0.  0.   2
    21   -1.318   -1.004      3.335  0.000    -0.04    -4.99  0.  0.   2
    21   -0.806    0.499      1.505  0.000    -0.04    -4.99  0.  0.   2
     1    0.361   -0.142      2.003  0.010    -0.04    -4.99  0.  0.   2
    -1    0.754    1.811      2.122  0.010    -0.04    -4.99  0.  0.   2
    21   -1.985   -0.575     -3.870  0.000    -0.04    -4.99  0.  0.   2
    21    0.656   -0.149     -4.733  0.000    -0.04    -4.99  0.  0.   2
    21    0.661    0.636     -2.109  0.000    -0.04    -4.99  0.  0.   2
    21   -1.096    0.185      0.622  0.000    -0.04    -4.99  0.  0.   2
    21    0.765    0.239     -0.280  0.000    -0.04    -4.99  0.  0.   2
    21   -0.629   -0.434     -6.883  0.000    -0.04    -4.99  0.  0.   2
    21    0.676   -0.060     -0.884  0.000    -0.04    -4.99  0.  0.   2
    21    0.062   -0.219      0.319  0.000    -0.04    -4.99  0.  0.   2
    21   -0.890   -0.646      4.597  0.000    -0.04    -4.99  0.  0.   2
    21    1.626    0.371     24.455  0.000    -0.04    -4.99  0.  0.   2
    21    0.606    0.001     -0.545  0.000    -0.04    -4.99  0.  0.   2
    21    0.052    0.647     -4.746  0.000    -0.04    -4.99  0.  0.   2
    21    0.910   -1.083    -12.887  0.000    -0.04    -4.99  0.  0.   2
    21    0.280    0.068      0.320  0.000    -0.04    -4.99  0.  0.   2
     2    0.258   -0.506     -3.216  0.006    -0.04    -4.99  0.  0.   2
    -2    1.208    0.021     -3.469  0.006    -0.04    -4.99  0.  0.   2
    21   -1.206    0.271     -7.964  0.000    -0.04    -4.99  0.  0.   2
    21    0.668   -0.854     -1.904  0.000    -0.04    -4.99  0.  0.   2
    21   -0.492    0.376     -0.389  0.000    -0.04    -4.99  0.  0.   2
    21   -2.911   -1.511     -2.231  0.000    -3.62     1.06  0.  0.   2
    21   -0.028    0.307      0.441  0.000     0.01    -1.88  0.  0.   2
    21    0.255    0.632     -0.321  0.000     0.01    -1.88  0.  0.   2
    21    1.286    1.262     -7.104  0.000     0.01    -1.88  0.  0.   2
    21   -0.149    0.368     -0.051  0.000     0.01    -1.88  0.  0.   2
    21   -2.128   -1.333      7.613  0.000     0.01    -1.88  0.  0.   2
    21   -0.769   -0.605      7.582  0.000     0.01    -1.88  0.  0.   2
    21    0.330    0.421      0.833  0.000     0.01    -1.88  0.  0.   2
    21   -1.020   -0.623      0.295  0.000     0.01    -1.88  0.  0.   2
    21   -1.132    0.090      1.975  0.000     0.01    -1.88  0.  0.   2
    21   -0.318    0.363      0.254  0.000     0.01    -1.88  0.  0.   2
    21   -0.456   -1.199     -2.207  0.000     0.01    -1.88  0.  0.   2
    21    0.122   -0.701     -5.533  0.000     0.01    -1.88  0.  0.   2
    21    0.456    0.346    -11.450  0.000     0.01    -1.88  0.  0.   2
    21   -0.662   -0.618     -6.701  0.000     0.01    -1.88  0.  0.   2
    21    1.170    1.255    -13.904  0.000    -2.67     2.33  0.  0.   2
    21   -0.445   -0.540     -6.651  0.000    -3.06    -1.48  0.  0.   2
    21    0.256    0.222     -0.366  0.000    -3.06    -1.48  0.  0.   2
    21    0.219   -1.597    -33.091  0.000    -3.06    -1.48  0.  0.   2
    21   -0.962   -1.921     -1.204  0.000     0.70    -3.79  0.  0.   2
    21    0.411    1.908     -7.114  0.000     0.70    -3.79  0.  0.   2
    21   -0.169   -0.125      0.190  0.000     0.70    -3.79  0.  0.   2
    21   -0.721   -0.114      0.794  0.000     0.70    -3.79  0.  0.   2
    21   -1.073    0.549     -0.989  0.000     0.70    -3.79  0.  0.   2
    21   -0.325   -0.121     -2.888  0.000     0.70    -3.79  0.  0.   2
    21    0.038   -0.377     -0.574  0.000     0.70    -3.79  0.  0.   2
    21    0.661    1.106     -2.670  0.000     0.70    -3.79  0.  0.   2
    21   -0.621   -2.081      0.061  0.000     0.70    -3.79  0.  0.   2
    21   -0.575   -1.639      1.032  0.000     0.70    -3.79  0.  0.   2
    21   -0.516   -0.792     -2.211  0.000     0.70    -3.79  0.  0.   2
    21    0.600   -0.070     -1.542  0.000     0.70    -3.79  0.  0.   2
    21   -0.488    0.381     -2.119  0.000    -1.20     2.67  0.  0.   2
    21    0.525    0.047     -4.629  0.000    -1.20     2.67  0.  0.   2
    21   -0.361    0.989     -4.216  0.000    -1.20     2.67  0.  0.   2
    21    0.676    0.819     -6.277  0.000    -1.20     2.67  0.  0.   2
    21    0.433   -1.150    -12.760  0.000    -1.20     2.67  0.  0.   2
    21    0.175    0.040      0.071  0.000    -1.20     2.67  0.  0.   2
    21   -0.121   -0.165     -0.154  0.000    -1.20     2.67  0.  0.   2
    21    0.557    0.185     -2.459  0.000    -1.20     2.67  0.  0.   2
    21   -0.411   -0.192     -5.313  0.000    -1.20     2.67  0.  0.   2
    21    0.249    0.269     -0.677  0.000    -1.20     2.67  0.  0.   2
    21    0.244    1.092      0.846  0.000    -1.20     2.67  0.  0.   2
    21   -0.316    0.124      0.043  0.000    -1.20     2.67  0.  0.   2
    21   -0.344   -0.825     -3.602  0.000    -1.69     2.30  0.  0.   2
    21   -0.624    1.355     -8.455  0.000    -1.69     2.30  0.  0.   2
    21    0.037   -0.789     -1.227  0.000    -1.69     2.30  0.  0.   2
    21   -1.646    0.576     -3.331  0.000    -1.69     2.30  0.  0.   2
    21    1.588    0.356     -7.903  0.000     4.50    -0.41  0.  0.   2
    21    0.957   -2.105     -7.428  0.000     1.97    -1.46  0.  0.   2
    21   -0.135    0.471     -1.152  0.000     1.97    -1.46  0.  0.   2
    21    0.026   -0.482     -0.193  0.000     1.97    -1.46  0.  0.   2
    21    0.064    0.294      0.488  0.000     1.97    -1.46  0.  0.   2
    21   -0.228   -0.764     -0.125  0.000     1.97    -1.46  0.  0.   2
    21    0.246   -0.417      0.012  0.000    -2.89     1.60  0.  0.   2
    21    0.270   -0.423     -5.705  0.000    -2.89     1.60  0.  0.   2
    21   -0.486   -1.496     -4.761  0.000    -2.89     1.60  0.  0.   2
    21    1.841    0.477     -7.628  0.000    -2.89     1.60  0.  0.   2
    21    0.239    0.147     -9.098  0.000     3.91     5.67  0.  0.   2
    21   -1.544    1.822     -8.139  0.000     3.91     5.67  0.  0.   2
    21    1.178   -0.084     -9.460  0.000     3.91     5.67  0.  0.   2
    21    2.079   -0.073      0.184  0.000     3.91     5.67  0.  0.   2
    21   -0.282    0.308     -0.957  0.000     3.91     5.67  0.  0.   2
    21   -0.604   -0.073     -2.954  0.000     3.91     5.67  0.  0.   2
    21    0.095   -1.090     -9.232  0.000     3.91     5.67  0.  0.   2
    21   -0.784    0.345     -1.645  0.000     3.32     2.78  0.  0.   2
    21    0.929    1.797     -6.153  0.000     3.32     2.78  0.  0.   2
    21   -0.465    0.384     -2.000  0.000     3.32     2.78  0.  0.   2
    21    0.024   -0.231     -2.498  0.000     3.32     2.78  0.  0.   2
    21    0.197    0.991     -2.325  0.000     3.32     2.78  0.  0.   2
    21   -0.833   -0.183     -3.218  0.000     3.32     2.78  0.  0.   2
    21    0.736   -0.107      0.471  0.000     3.32     2.78  0.  0.   2
    21   -0.773    0.179      0.177  0.000     3.32     2.78  0.  0.   2
    21   -1.076    3.513     -0.550  0.000     3.32     2.78  0.  0.   2
    21   -0.085   -0.530      0.352  0.000     3.32     2.78  0.  0.   2
    21    0.232    0.638     -3.162  0.000     3.32     2.78  0.  0.   2
    21    0.434    0.360     -5.223  0.000     3.32     2.78  0.  0.   2
    21   -0.428   -0.460     -2.892  0.000     3.32     2.78  0.  0.   2
    21   -0.003    0.273     -6.031  0.000    -4.39    -0.99  0.  0.   2
    21    0.893    0.077     -3.409  0.000    -4.39    -0.99  0.  0.   2
    21   -0.363    0.250     -0.074  0.000    -4.39    -0.99  0.  0.   2
    21   -0.246   -2.168     -2.134  0.000    -4.39    -0.99  0.  0.   2
    21   -0.665   -0.530     -3.723  0.000     4.12    -3.07  0.  0.   2
    21   -1.245    0.059     -4.629  0.000     4.12    -3.07  0.  0.   2
    21   -0.803    0.248     -8.753  0.000     4.12    -3.07  0.  0.   2
    21    0.168   -0.128     -0.982  0.000     4.12    -3.07  0.  0.   2
    21   -0.049   -1.705      5.586  0.000     4.12    -3.07  0.  0.   2
    21   -0.880   -0.537      6.124  0.000     4.12    -3.07  0.  0.   2
    21   -0.294    0.279      1.329  0.000     4.12    -3.07  0.  0.   2
    21    0.966    2.212      1.000  0.000     4.12    -3.07  0.  0.   2
    21   -0.207    1.249     -9.170  0.000     4.12    -3.07  0.  0.   2
    21    1.665   -1.343    -30.561  0.000    -1.71    -4.30  0.  0.   2
    21   -0.091    0.313     -1.840  0.000    -1.71    -4.30  0.  0.   2
    21   -0.769   -0.286     -1.804  0.000    -1.71    -4.30  0.  0.   2
    21   -1.376   -2.469     -3.253  0.000    -1.71    -4.30  0.  0.   2
    21    0.112    1.545     -2.060  0.000    -1.71    -4.30  0.  0.   2
    21   -0.179   -0.757      0.723  0.000    -1.71    -4.30  0.  0.   2
    21    1.115    0.194     -0.117  0.000    -1.71    -4.30  0.  0.   2
    21    1.004    0.751     -1.456  0.000    -1.71    -4.30  0.  0.   2
    21   -0.270    0.460     -1.067  0.000    -1.71    -4.30  0.  0.   2
    21    0.742    0.446    -17.086  0.000    -1.71    -4.30  0.  0.   2
    21   -0.695    0.595      0.631  0.000    -0.49     3.29  0.  0.   2
    21    0.124    0.832     -0.169  0.000    -0.49     3.29  0.  0.   2
    21    0.526    0.600      0.814  0.000    -0.49     3.29  0.  0.   2
    21    1.008    0.480      0.252  0.000    -0.49     3.29  0.  0.   2
    21    1.438   -0.018     -2.020  0.000    -0.49     3.29  0.  0.   2
    21    0.206    0.558     -3.519  0.000    -0.49     3.29  0.  0.   2
    21    0.275   -0.888     -1.265  0.000    -0.49     3.29  0.  0.   2
    21    0.112   -0.330     -3.208  0.000    -0.49     3.29  0.  0.   2
    21   -0.565    0.124     -0.823  0.000    -0.49     3.29  0.  0.   2
    21    0.497    0.525     -1.274  0.000    -0.49     3.29  0.  0.   2
    21    0.341   -0.548     -0.890  0.000     1.89     2.32  0.  0.   2
    21   -0.046   -0.394      0.063  0.000     1.89     2.32  0.  0.   2
    21    4.047    0.143      1.738  0.000     1.89     2.32  0.  0.   2
    21   -0.847    0.171     -3.133  0.000    -0.65    -3.74  0.  0.   2
    21    0.034    0.086     -0.605  0.000    -0.65    -3.74  0.  0.   2
    21   -0.908   -1.981      4.364  0.000    -0.65    -3.74  0.  0.   2
    21   -0.299   -0.639     -6.642  0.000    -0.65    -3.74  0.  0.   2
    21   -0.353    0.326     -0.704  0.000    -0.65    -3.74  0.  0.   2
    21    0.042   -0.418     -4.989  0.000     2.05     4.49  0.  0.   2
    21   -0.405   -0.013     -1.026  0.000     2.05     4.49  0.  0.   2
    21    2.267   -0.708     -7.339  0.000     2.05     4.49  0.  0.   2
    21   -0.170   -0.043     -2.568  0.000     2.05     4.49  0.  0.   2
    21   -3.292    2.020    -11.480  0.000     2.05     4.49  0.  0.   2
    21   -1.067   -0.150     -8.279  0.000     2.05     4.49  0.  0.   2
    21   -0.287    0.923     -4.596  0.000     0.98     0.89  0.  0.   2
    21    0.544   -0.400     -4.130  0.000     0.98     0.89  0.  0.   2
    21    1.223    1.224    -11.831  0.000     0.98     0.89  0.  0.   2
    21    0.478    0.137     -2.408  0.000     0.98     0.89  0.  0.   2
    21   -0.823   -0.282     -1.425  0.000     0.98     0.89  0.  0.   2
    21    0.215   -0.353     -0.030  0.000     0.98     0.89  0.  0.   2
    21    1.302   -1.624     -4.945  0.000     0.98     0.89  0.  0.   2
    21    0.292    0.366     -0.832  0.000     0.98     0.89  0.  0.   2
    21    0.096    0.313     -0.179  0.000     0.98     0.89  0.  0.   2
    21   -0.482    2.365     -0.816  0.000     0.98     0.89  0.  0.   2
    21   -3.447    2.326     -0.952  0.000     0.98     0.89  0.  0.   2
    21   -3.746    1.173     -2.254  0.000     0.98     0.89  0.  0.   2
    21    1.745    0.134      0.703  0.000    -1.87    -1.11  0.  0.   2
    21   -0.754    0.408      0.937  0.000    -1.87    -1.11  0.  0.   2
    21   -1.035   -0.710     -4.597  0.000    -1.87    -1.11  0.  0.   2
    21   -0.534   -0.363     -9.251  0.000    -1.87    -1.11  0.  0.   2
    21   -0.135    0.760     -5.154  0.000    -1.87    -1.11  0.  0.   2
    21   -0.320    0.039     -0.097  0.000    -1.87    -1.11  0.  0.   2
    21   -0.224    0.375     -0.366  0.000    -1.87    -1.11  0.  0.   2
    21    2.314    0.522     -8.917  0.000    -1.87    -1.11  0.  0.   2
    21   -0.279    0.198     -1.194  0.000    -1.87    -1.11  0.  0.   2
    21    0.204   -0.013      0.402  0.000    -1.87    -1.11  0.  0.   2
    21    0.340   -0.022      0.264  0.000    -1.87    -1.11  0.  0.   2
    21   -1.063    1.889     11.911  0.000    -1.87    -1.11  0.  0.   2
    21   -1.120    0.917      4.385  0.000    -1.87    -1.11  0.  0.   2
    21    0.816    0.405     -0.591  0.000    -4.07    -2.91  0.  0.   2
    21    0.427    0.238      1.273  0.000    -4.07    -2.91  0.  0.   2
    21   -0.212   -0.945      0.548  0.000    -4.07    -2.91  0.  0.   2
    21    2.254    3.138      4.438  0.000     4.74     0.98  0.  0.   2
    21   -0.183    0.465      0.742  0.000     4.74     0.98  0.  0.   2
    21   -3.850    0.320      2.775  0.000     3.36     5.10  0.  0.   2
    21   -0.507    0.178     -0.342  0.000     3.36     5.10  0.  0.   2
    21   -0.489   -0.121      0.871  0.000     3.36     5.10  0.  0.   2
    21    0.334    0.500     -0.682  0.000     3.36     5.10  0.  0.   2
    21   -0.894    0.637     -9.767  0.000     3.36     5.10  0.  0.   2
    21    4.340    0.817     -1.135  0.000     3.36     5.10  0.  0.   2
    21   -0.190   -0.214     -0.310  0.000     3.36     5.10  0.  0.   2
    21   -0.276   -0.009      0.186  0.000     3.36     5.10  0.  0.   2
    21   -1.777   -1.261     -6.012  0.000     1.31    -2.26  0.  0.   2
    21   -0.265   -0.425      0.303  0.000     1.31    -2.26  0.  0.   2
    21    0.293    0.983     -5.326  0.000     1.31    -2.26  0.  0.   2
    21   -0.639    0.164     -0.148  0.000     1.31    -2.26  0.  0.   2
    21    0.410   -0.900     -7.284  0.000     1.31    -2.26  0.  0.   2
    21   -1.563    0.040      1.121  0.000     3.77    -0.09  0.  0.   2
    21    0.204    0.552     14.136  0.000     3.77    -0.09  0.  0.   2
    21    2.073    2.448     -1.654  0.000     3.77    -0.09  0.  0.   2
    21    0.368    0.424     -1.580  0.000     3.77    -0.09  0.  0.   2
    21   -0.463    0.004     -0.632  0.000     2.05    -5.46  0.  0.   2
    21    0.202    0.521     -2.368  0.000     2.05    -5.46  0.  0.   2
    21   -0.791   -0.152     -5.420  0.000     2.05    -5.46  0.  0.   2
    21    0.075    1.024     -3.415  0.000     2.05    -5.46  0.  0.   2
    21    0.453   -0.386     -0.664  0.000    -1.08    -3.66  0.  0.   2
    21   -1.229    0.333      0.223  0.000    -1.08    -3.66  0.  0.   2
    21   -2.495   -1.143      0.265  0.000    -1.08    -3.66  0.  0.   2
    21    0.494    0.184     -0.069  0.000    -1.08    -3.66  0.  0.   2
    21    0.357    2.997     -2.329  0.000    -1.08    -3.66  0.  0.   2
    21    1.275    0.630     -1.899  0.000    -1.08    -3.66  0.  0.   2
    21    0.264   -0.100     -2.411  0.000    -1.08    -3.66  0.  0.   2
    21    1.043   -0.031     -1.340  0.000    -1.08    -3.66  0.  0.   2
    21   -0.339    0.232     -0.431  0.000    -1.08    -3.66  0.  0.   2
    21    0.199   -1.057     -5.102  0.000    -1.08    -3.66  0.  0.   2
    21   -0.718    0.927     -5.994  0.000    -1.08    -3.66  0.  0.   2
    21    0.317   -0.031      0.016  0.000    -1.08    -3.66  0.  0.   2
    21   -0.545   -0.814     -0.640  0.000    -1.08    -3.66  0.  0.   2
    21   -0.652   -0.006     -1.473  0.000    -1.08    -3.66  0.  0.   2
    21    0.025    0.015      0.405  0.000    -1.08    -3.66  0.  0.   2
    21    1.536   -0.764    -22.489  0.000    -0.81     1.08  0.  0.   2
    21   -0.014    0.925     -6.281  0.000    -0.81     1.08  0.  0.   2
    21    0.538   -0.858     -2.573  0.000     1.15    -2.95  0.  0.   2
    21    0.562   -0.060     -0.737  0.000     1.15    -2.95  0.  0.   2
    21   -0.192    0.243      0.520  0.000     1.15    -2.95  0.  0.   2
    21   -0.045   -1.319     -3.939  0.000     1.15    -2.95  0.  0.   2
    21    0.818   -0.160     -1.936  0.000     1.15    -2.95  0.  0.   2
    21   -0.761    0.067     -2.311  0.000     1.15    -2.95  0.  0.   2
    21    0.984   -0.865     -0.422  0.000     1.15    -2.95  0.  0.   2
    21   -0.597   -0.799     -3.678  0.000    -4.22    -1.58  0.  0.   2
    21    0.911   -0.374     -3.981  0.000     0.38     4.36  0.  0.   2
    21    0.718   -0.164     -0.209  0.000     0.38     4.36  0.  0.   2
    21    0.419   -1.628     -1.014  0.000     0.38     4.36  0.  0.   2
    21    0.546   -0.010     -0.410  0.000     0.38     4.36  0.  0.   2
    21   -1.187    0.214     -1.331  0.000     0.38     4.36  0.  0.   2
    21    0.087   -0.437     -1.017  0.000     0.38     4.36  0.  0.   2
    21   -1.304    0.846     -1.728  0.000     0.38     4.36  0.  0.   2
    21   -0.085    0.540     -1.740  0.000     0.38     4.36  0.  0.   2
    21    0.123   -0.511     -2.381  0.000     0.38     4.36  0.  0.   2
    21    1.017    0.391     -9.341  0.000     0.38     4.36  0.  0.   2
    21   -0.411   -0.191     -0.353  0.000     0.38     4.36  0.  0.   2
    21   -0.253    0.286     -2.052  0.000     0.38     4.36  0.  0.   2
    21    0.039    0.738      0.738  0.000    -4.76    -0.00  0.  0.   2
    21   -1.336   -0.725      5.262  0.000    -4.76    -0.00  0.  0.   2
    21   -1.419    1.702     12.251  0.000    -4.76    -0.00  0.  0.   2
    21    0.714   -0.289     -1.966  0.000    -4.76    -0.00  0.  0.   2
    21   -0.264    0.111    -10.133  0.000    -4.76    -0.00  0.  0.   2
    21    0.428   -0.393     -0.121  0.000    -4.76    -0.00  0.  0.   2
    21   -1.704   -0.878     -0.207  0.000    -4.76    -0.00  0.  0.   2
    21    0.089   -0.201     -0.908  0.000    -4.76    -0.00  0.  0.   2
    21    0.757   -0.843      5.724  0.000     3.12    -1.24  0.  0.   2
    21   -0.609    0.651      1.292  0.000     3.12    -1.24  0.  0.   2
    21   -0.336    1.333      0.362  0.000     3.12    -1.24  0.  0.   2
    21    0.166    2.209     -0.647  0.000     3.12    -1.24  0.  0.   2
    21   -0.408   -0.369      0.035  0.000     3.12    -1.24  0.  0.   2
    21    0.011   -0.322      0.552  0.000     3.12    -1.24  0.  0.   2
    21    0.144    0.105     -0.007  0.000     3.12    -1.24  0.  0.   2
    21    1.644   -0.006     20.543  0.000     3.12    -1.24  0.  0.   2
    21    0.189    1.200     -9.843  0.000     3.12    -1.24  0.  0.   2
    21    0.827    0.377     -3.165  0.000     3.12    -1.24  0.  0.   2
    21    0.462   -1.075    -19.059  0.000     1.54     2.51  0.  0.   2
    21    1.403    1.169     -4.214  0.000     1.54     2.51  0.  0.   2
    21   -0.247    0.767     -0.368  0.000     1.54     2.51  0.  0.   2
    21    2.518    0.540     -0.447  0.000     1.54     2.51  0.  0.   2
    21   -0.518    0.641     -0.829  0.000     1.54     2.51  0.  0.   2
    21   -0.757   -0.079     -0.727  0.000     1.54     2.51  0.  0.   2
    21   -0.172    0.358     -3.541  0.000     1.54     2.51  0.  0.   2
    21   -0.189    0.113      0.065  0.000     1.54     2.51  0.  0.   2
    21   -0.936   -0.604     -3.143  0.000     1.54     2.51  0.  0.   2
    21    1.995   -0.300     -8.648  0.000     1.54     2.51  0.  0.   2
    21    0.695   -2.598     -5.934  0.000     1.54     2.51  0.  0.   2
    21    0.938   -0.179     -6.180  0.000     1.54     2.51  0.  0.   2
    21    0.498    0.875     -0.687  0.000     1.54     2.51  0.  0.   2
    21    0.771    0.578     -5.756  0.000     1.54     2.51  0.  0.   2
    21   -0.536    0.196     -6.563  0.000     1.54     2.51  0.  0.   2
    21    0.474   -2.443    -21.335  0.000     1.54     2.51  0.  0.   2
    21    0.326   -0.237    -11.679  0.000     1.54     2.51  0.  0.   2
    21   -0.472   -0.403     -4.866  0.000     1.54     2.51  0.  0.   2
    21   -0.820    0.462     -2.454  0.000     1.54     2.51  0.  0.   2
    21   -0.005   -0.684     -6.574  0.000    -0.97    -4.45  0.  0.   2
    21    0.040   -1.278     -3.970  0.000    -0.97    -4.45  0.  0.   2
    21   -2.973    2.536    -21.289  0.000    -6.13     0.43  0.  0.   2
    21   -0.610    0.031     -1.472  0.000    -6.13     0.43  0.  0.   2
    21    0.424   -0.083      0.799  0.000    -6.13     0.43  0.  0.   2
     1    2.078   -0.625     12.663  0.010    -6.13     0.43  0.  0.   2
    -1    2.032    0.463      9.991  0.010    -6.13     0.43  0.  0.   2
    21    1.201   -1.147      4.075  0.000     2.45     2.02  0.  0.   2
    21    0.436   -1.114      0.153  0.000     2.45     2.02  0.  0.   2
    21   -1.017   -0.077     -4.949  0.000     2.45     2.02  0.  0.   2
    21    1.817    0.458    -10.231  0.000     2.45     2.02  0.  0.   2
    21   -0.521   -1.064      2.235  0.000     2.77     4.47  0.  0.   2
    21    0.662    0.927      1.415  0.000     2.77     4.47  0.  0.   2
    21    1.473   -0.791    -11.272  0.000    -0.84     1.50  0.  0.   2
    21    0.286    0.193     -0.439  0.000    -0.84     1.50  0.  0.   2
    21    0.412   -0.888     -6.725  0.000    -0.84     1.50  0.  0.   2
    21   -0.895    1.243     -5.530  0.000    -0.84     1.50  0.  0.   2
    21    0.790    1.007     -8.752  0.000    -0.84     1.50  0.  0.   2
    21    0.159    0.201      0.093  0.000    -0.84     1.50  0.  0.   2
    21   -0.181   -0.790      0.112  0.000    -0.84     1.50  0.  0.   2
    21   -1.272   -1.485     -1.287  0.000    -0.84     1.50  0.  0.   2
    21    0.269   -0.041      0.570  0.000    -1.53     0.70  0.  0.   2
    21   -0.074    3.922      3.523  0.000    -1.53     0.70  0.  0.   2
    21    0.593   -0.222      0.797  0.000    -1.53     0.70  0.  0.   2
    21   -1.016    0.957     -3.718  0.000    -1.53     0.70  0.  0.   2
    21   -0.018   -0.217      1.307  0.000    -6.20     0.39  0.  0.   2
    21    0.435    2.043      2.072  0.000    -2.12    -2.36  0.  0.   2
    21    0.079   -0.825     -4.684  0.000    -2.12    -2.36  0.  0.   2
    21   -0.224    2.356     -8.520  0.000    -2.12    -2.36  0.  0.   2
    21   -0.503    1.221     -1.058  0.000    -2.12    -2.36  0.  0.   2
    21   -0.765   -0.313      0.067  0.000    -2.12    -2.36  0.  0.   2
    21    2.163    0.914      6.966  0.000    -2.12    -2.36  0.  0.   2
     2   -1.876   -1.727    -10.011  0.006    -2.12    -2.36  0.  0.   2
    -2   -0.073    0.177     -3.632  0.006    -2.12    -2.36  0.  0.   2
    21    0.691   -0.185     -3.978  0.000    -2.12    -2.36  0.  0.   2
    21    0.249    0.054     -0.337  0.000    -2.12    -2.36  0.  0.   2
    21   -0.493    0.550     -3.766  0.000    -1.41    -2.59  0.  0.   2
    21    0.717    0.135     -4.976  0.000    -1.41    -2.59  0.  0.   2
    21   -0.077    0.476      0.116  0.000    -1.41    -2.59  0.  0.   2
    21    0.916    0.145     -5.903  0.000    -1.41    -2.59  0.  0.   2
    21    0.645   -0.660    -16.017  0.000    -1.41    -2.59  0.  0.   2
    21   -0.374    0.172     -2.433  0.000    -1.41    -2.59  0.  0.   2
    21    0.466    0.961     -7.389  0.000    -1.41    -2.59  0.  0.   2
    21    0.200   -0.732     -3.852  0.000    -1.41    -2.59  0.  0.   2
    21    0.604    0.395      0.366  0.000    -1.41    -2.59  0.  0.   2
    21   -0.276    0.906     -0.401  0.000    -1.41    -2.59  0.  0.   2
    21   -0.543   -0.303      0.311  0.000    -3.93     4.12  0.  0.   2
    21    2.684    1.167     -2.301  0.000    -3.93     4.12  0.  0.   2
    21   -0.175    0.605      0.098  0.000    -3.93     4.12  0.  0.   2
    21    1.325   -1.876     -3.833  0.000    -1.35    -3.10  0.  0.   2
    21   -1.415    0.614     -1.534  0.000    -0.61     4.73  0.  0.   2
    21   -2.679   -0.185      1.169  0.000    -0.61     4.73  0.  0.   2
    21    3.327   -0.738      0.311  0.000    -1.49    -1.74  0.  0.   2
    21   -0.262   -0.133     -0.155  0.000    -1.49    -1.74  0.  0.   2
    21    1.039    0.028     -1.622  0.000    -1.49    -1.74  0.  0.   2
    21    0.348   -0.757     -9.866  0.000    -1.49    -1.74  0.  0.   2
    21   -0.383   -0.871     -1.378  0.000    -1.49    -1.74  0.  0.   2
    21    0.973   -0.677     -0.648  0.000    -1.49    -1.74  0.  0.   2
    21   -2.245    0.361     -7.532  0.000    -1.49    -1.74  0.  0.   2
    21   -0.601    0.041     -1.518  0.000    -2.31     3.25  0.  0.   2
    21   -0.365    0.824    -10.755  0.000    -2.31     3.25  0.  0.   2
    21   -0.643   -2.122    -11.441  0.000    -2.31     3.25  0.  0.   2
    21   -0.680   -0.993    -12.150  0.000    -2.31     3.25  0.  0.   2
    21    1.884    1.118      6.600  0.000    -2.31     3.25  0.  0.   2
    21    1.176    2.036     -4.692  0.000    -2.31     3.25  0.  0.   2
    21   -0.925   -1.476    -16.793  0.000    -2.31     3.25  0.  0.   2
    21    0.303    0.190     -6.930  0.000    -2.31     3.25  0.  0.   2
    21   -0.470   -0.523     -3.297  0.000    -2.31     3.25  0.  0.   2
    21    0.288    0.165     -0.613  0.000    -2.31     3.25  0.  0.   2
    21   -0.471   -0.217      1.952  0.000     1.82    -2.25  0.  0.   3
    21   -0.066   -0.423      0.029  0.000     1.82    -2.25  0.  0.   3
    21   -1.712    0.802     -5.230  0.000     1.82    -2.25  0.  0.   3
    21    0.537    0.077     -2.003  0.000     1.82    -2.25  0.  0.   3
    21   -0.922    0.579      4.176  0.000     1.82    -2.25  0.  0.   3
    21    2.543    3.460    -38.888  0.000     1.82    -2.25  0.  0.   3
    21    0.637   -0.931      2.916  0.000     1.77    -5.02  0.  0.   3
    21   -2.064    0.492      0.925  0.000     1.77    -5.02  0.  0.   3
    21   -0.027    1.088     -0.044  0.000     1.77    -5.02  0.  0.   3
    21   -0.459    0.008     -0.098  0.000     1.77    -5.02  0.  0.   3
    21    2.315    3.220     -3.884  0.000     1.77    -5.02  0.  0.   3
    21   -0.058    0.255      0.104  0.000     1.77    -5.02  0.  0.   3
    21   -0.653   -0.769      1.281  0.000     1.77    -5.02  0.  0.   3
    21   -0.079   -0.935      4.413  0.000     1.77    -5.02  0.  0.   3
    21    0.503    0.063      0.310  0.000     1.77    -5.02  0.  0.   3
    21    0.328    0.130     -0.648  0.000     1.77    -5.02  0.  0.   3
    21    0.285   -0.044     -4.639  0.000     1.77    -5.02  0.  0.   3
    21   -0.215   -2.842    -13.316  0.000     1.77    -5.02  0.  0.   3
    21   -0.210    0.216     -0.776  0.000     1.77    -5.02  0.  0.   3
    21    1.153    0.722      0.751  0.000     0.70     5.14  0.  0.   3
    21    0.233   -0.404      0.561  0.000     0.70     5.14  0.  0.   3
    21   -1.363   -1.099     -8.672  0.000     0.70     5.14  0.  0.   3
    21   -0.695    0.433     -1.425  0.000     0.70     5.14  0.  0.   3
    21   -0.138   -0.514      2.614  0.000     0.70     5.14  0.  0.   3
    21   -0.476    0.788      4.422  0.000     0.70     5.14  0.  0.   3
    21    0.500   -2.537    -31.375  0.000     0.70     5.14  0.  0.   3
    21   -0.114    0.621      0.092  0.000    -4.60     0.39  0.  0.   3
    21    1.302   -1.244     -1.784  0.000    -4.60     0.39  0.  0.   3
    21    0.010   -0.141      0.178  0.000    -4.60     0.39  0.  0.   3
    21    0.244   -0.794     -2.642  0.000    -4.60     0.39  0.  0.   3
    21   -0.677    0.022     -0.614  0.000    -4.60     0.39  0.  0.   3
    21    0.735    1.729     -2.915  0.000    -4.60     0.39  0.  0.   3
    21    1.279    0.776     -3.592  0.000    -4.60     0.39  0.  0.   3
    21    0.372   -0.808     -2.558  0.000    -4.60     0.39  0.  0.   3
    21   -1.476    1.207    -22.861  0.000    -4.60     0.39  0.  0.   3
    21   -1.813    2.699     -2.897  0.000     1.68    -1.35  0.  0.   3
    21   -0.115    1.006      1.617  0.000     1.68    -1.35  0.  0.   3
    21   -1.558   -0.579      9.599  0.000     1.68    -1.35  0.  0.   3
    21    0.229   -0.137      0.067  0.000     1.68    -1.35  0.  0.   3
    21    2.851   -2.539     -2.842  0.000     1.68    -1.35  0.  0.   3
    21    0.754    0.155     -0.617  0.000     1.68    -1.35  0.  0.   3
    21   -0.455    0.176     -6.975  0.000    -0.11    -2.75  0.  0.   3
    21    0.438   -0.022     -5.977  0.000    -0.11    -2.75  0.  0.   3
    21    0.081   -0.725     -2.253  0.000    -0.11    -2.75  0.  0.   3
    21   -2.179    0.046     -3.088  0.000    -0.11    -2.75  0.  0.   3
    21   -0.623    0.380      0.116  0.000    -0.11    -2.75  0.  0.   3
    21   -1.011    0.242     13.814  0.000    -0.11    -2.75  0.  0.   3
    21   -0.889   -0.236      0.764  0.000    -0.11    -2.75  0.  0.   3
    21   -0.276    0.001      3.605  0.000    -0.11    -2.75  0.  0.   3
    21    2.208    1.754     -1.501  0.000    -0.11    -2.75  0.  0.   3
    21    0.315   -0.328     -1.056  0.000    -0.11    -2.75  0.  0.   3
     3   -0.342    0.187     -2.516  0.199     4.19     2.53  0.  0.   3
    21    0.327   -0.626      0.313  0.000     4.19     2.53  0.  0.   3
    21   -0.407    2.711      8.364  0.000     4.19     2.53  0.  0.   3
    -3    0.923   -1.547     -4.308  0.199     4.19     2.53  0.  0.   3
    21   -0.302   -0.291      0.397  0.000     0.57    -6.64  0.  0.   3
    21   -0.809   -0.714     -2.188  0.000     0.57    -6.64  0.  0.   3
    21   -0.090   -0.211      0.080  0.000     0.57    -6.64  0.  0.   3
    21    0.685   -0.322     -1.792  0.000     0.57    -6.64  0.  0.   3
    21    0.282   -0.565     -9.172  0.000     0.57    -6.64  0.  0.   3
    21    1.135    0.731     -2.668  0.000     0.57    -6.64  0.  0.   3
    21   -0.554    0.240      0.290  0.000     0.57    -6.64  0.  0.   3
    21   -0.268    0.689      2.917  0.000     0.57    -6.64  0.  0.   3
    21   -1.625   -0.997      3.541  0.000     0.57    -6.64  0.  0.   3
     1   -1.947   -0.098     -9.745  0.010     2.12    -3.04  0.  0.   3
    21   -1.749   -0.263      3.000  0.000     2.12    -3.04  0.  0.   3
    21    2.038   -0.703      2.362  0.000     2.12    -3.04  0.  0.   3
    21    1.450   -0.206      5.099  0.000     2.12    -3.04  0.  0.   3
    21    0.783    1.540     -7.053  0.000     2.12    -3.04  0.  0.   3
    21    1.126   -1.156     -2.908  0.000     2.12    -3.04  0.  0.   3
    -1   -2.024    1.994     -5.771  0.010     2.12    -3.04  0.  0.   3
    21    0.910   -0.524      2.731  0.000    -1.38    -3.69  0.  0.   3
    21   -0.263    0.350      2.809  0.000    -1.38    -3.69  0.  0.   3
    21   -1.317    0.500      7.962  0.000    -1.38    -3.69  0.  0.   3
    21   -0.282    1.193      1.107  0.000    -1.38    -3.69  0.  0.   3
    21   -0.456   -0.273      0.165  0.000    -1.38    -3.69  0.  0.   3
    21    0.188    0.272     -0.145  0.000    -1.38    -3.69  0.  0.   3
    21   -0.659   -0.172     -1.109  0.000    -1.38    -3.69  0.  0.   3
    21   -0.405    1.039     -2.138  0.000    -1.38    -3.69  0.  0.   3
    21    1.417   -0.762     -5.225  0.000    -1.38    -3.69  0.  0.   3
    21    1.965   -1.958     -2.901  0.000    -1.38    -3.69  0.  0.   3
    21   -0.097    0.788     -0.345  0.000    -1.38    -3.69  0.  0.   3
    21    0.321   -1.660     -3.344  0.000     3.96    -3.52  0.  0.   3
    21    1.172   -0.490     -2.473  0.000     3.96    -3.52  0.  0.   3
    21   -0.151   -0.208      0.227  0.000     3.96    -3.52  0.  0.   3
    21    0.872   -0.651      8.735  0.000     3.96    -3.52  0.  0.   3
    21   -0.541    0.140      1.465  0.000     3.96    -3.52  0.  0.   3
    21   -1.972    1.549     -0.453  0.000     3.96    -3.52  0.  0.   3
    21    0.109    0.216      0.298  0.000     3.96    -3.52  0.  0.   3
    21    0.734   -0.892     -0.885  0.000     3.96    -3.52  0.  0.   3
    21    0.360    1.301     -2.929  0.000     3.96    -3.52  0.  0.   3
    21   -0.651    0.407     -7.348  0.000     3.96    -3.52  0.  0.   3
    21    0.152    0.147      0.040  0.000     3.96    -3.52  0.  0.   3
    21   -0.319    0.832      0.173  0.000    -0.55    -3.83  0.  0.   3
    21   -0.383   -0.506      0.335  0.000    -0.55    -3.83  0.  0.   3
    21    0.334   -1.141      4.142  0.000    -0.55    -3.83  0.  0.   3
    21   -0.398    1.117      2.712  0.000    -0.55    -3.83  0.  0.   3
    21    1.780    0.683      9.098  0.000    -0.55    -3.83  0.  0.   3
    21   -0.174   -0.065      2.345  0.000    -0.55    -3.83  0.  0.   3
    21    0.808    0.100     -1.363  0.000     3.99    -2.07  0.  0.   3
    21    0.379    0.125     -0.185  0.000     3.99    -2.07  0.  0.   3
    21    0.447    0.222      0.057  0.000     3.99    -2.07  0.  0.   3
    21    0.196    0.391      0.671  0.000     3.99    -2.07  0.  0.   3
    21   -0.495   -0.173      0.097  0.000     3.99    -2.07  0.  0.   3
    21   -1.262   -4.371      3.971  0.000     3.99    -2.07  0.  0.   3
    21   -0.214   -0.257     22.271  0.000     3.99    -2.07  0.  0.   3
    21   -1.018    2.058     20.626  0.000     3.99    -2.07  0.  0.   3
    21    0.502    0.219      5.304  0.000     3.99    -2.07  0.  0.   3
    21   -0.498    0.023      1.799  0.000     3.99    -2.07  0.  0.   3
    21   -0.542   -0.366     -2.580  0.000     3.99    -2.07  0.  0.   3
    21    0.288    0.328     -6.333  0.000     3.99    -2.07  0.  0.   3
    21   -0.644   -1.093    -10.130  0.000     3.99    -2.07  0.  0.   3
    21   -0.585   -1.039     -5.133  0.000    -0.40    -1.13  0.  0.   3
    21   -2.947    2.028     -1.662  0.000    -0.40    -1.13  0.  0.   3
    21    0.701    0.877     -2.915  0.000    -0.40    -1.13  0.  0.   3
    21   -0.344    0.475      0.742  0.000    -0.40    -1.13  0.  0.   3
    21    1.057    0.848     10.381  0.000    -0.40    -1.13  0.  0.   3
    21   -0.385   -0.571      1.738  0.000    -0.40    -1.13  0.  0.   3
    21    0.387   -1.373      1.687  0.000    -0.40    -1.13  0.  0.   3
    21    2.140   -3.056     11.535  0.000    -0.40    -1.13  0.  0.   3
    21    0.890    0.263      3.613  0.000    -0.40    -1.13  0.  0.   3
    21   -0.846    0.049     -4.179  0.000    -0.40    -1.13  0.  0.   3
     2   -1.128    1.302      2.082  0.006     0.07    -1.78  0.  0.   3
    21    0.514    0.753      2.067  0.000     0.07    -1.78  0.  0.   3
    -2    1.276   -1.300      4.095  0.006     0.07    -1.78  0.  0.   3
    21   -0.577   -0.664     -1.712  0.000    -3.46     0.72  0.  0.   3
    21    0.225   -1.111     -0.625  0.000    -3.46     0.72  0.  0.   3
    21    1.299    0.628     -5.329  0.000    -3.46     0.72  0.  0.   3
    21   -0.716    0.958     -7.816  0.000    -3.46     0.72  0.  0.   3
    21    2.279   -0.413      8.856  0.000    -3.46     0.72  0.  0.   3
    21   -1.045   -0.022      0.504  0.000    -3.46     0.72  0.  0.   3
    21   -0.514    0.573     -3.428  0.000    -3.46     0.72  0.  0.   3
    21   -0.205   -0.437      0.026  0.000    -3.46     0.72  0.  0.   3
    21    1.070    0.122     -4.289  0.000     4.68     0.36  0.  0.   3
    21    0.570   -0.433      1.234  0.000     4.68     0.36  0.  0.   3
    21    0.225    0.022     26.187  0.000     4.68     0.36  0.  0.   3
    21   -0.649    1.273      1.555  0.000     4.68     0.36  0.  0.   3
    21   -1.711    0.119      4.999  0.000     4.68     0.36  0.  0.   3
    21    0.119   -0.348     -0.750  0.000     4.68     0.36  0.  0.   3
    21    2.182   -0.370    -17.988  0.000     4.68     0.36  0.  0.   3
    21   -0.411   -0.439    -18.046  0.000     4.68     0.36  0.  0.   3
    21    0.104    0.156     -0.131  0.000     4.68     0.36  0.  0.   3
    21   -0.308    1.353      0.676  0.000     2.05     0.06  0.  0.   3
    21   -0.985   -1.072      1.465  0.000     2.05     0.06  0.  0.   3
    21    0.944   -0.268     -0.731  0.000     2.05     0.06  0.  0.   3
    21    0.171    0.166     -0.145  0.000     2.05     0.06  0.  0.   3
    21   -1.680    0.456      2.404  0.000     2.05     0.06  0.  0.   3
    21   -0.012   -1.029      1.732  0.000     2.05     0.06  0.  0.   3
    21    0.532   -0.381      0.078  0.000     2.05     0.06  0.  0.   3
    21    2.013   -0.031     -1.572  0.000     2.05     0.06  0.  0.   3
    21    1.087    1.010     -6.572  0.000     2.05     0.06  0.  0.   3
    21   -0.144    0.733     -7.841  0.000     2.05     0.06  0.  0.   3
    21   -0.347    0.538     -0.602  0.000     2.05     0.06  0.  0.   3
     2   -2.224   -2.585      5.458  0.006    -4.72     0.60  0.  0.   3
    21    0.979   -0.072     -4.267  0.000    -4.72     0.60  0.  0.   3
    21    0.755    1.337     -5.384  0.000    -4.72     0.60  0.  0.   3
    21   -1.257    1.850      1.285  0.000    -4.72     0.60  0.  0.   3
    21    0.561    0.303      1.840  0.000    -4.72     0.60  0.  0.   3
    21    0.567   -2.934      5.383  0.000    -4.72     0.60  0.  0.   3
    21   -0.689    0.840      3.887  0.000    -4.72     0.60  0.  0.   3
    21   -0.790   -0.145     24.051  0.000    -4.72     0.60  0.  0.   3
    21    0.103    0.504     12.271  0.000    -4.72     0.60  0.  0.   3
    21   -0.149    0.685      2.375  0.000    -4.72     0.60  0.  0.   3
    21    0.297   -0.528     -4.265  0.000    -4.72     0.60  0.  0.   3
    -2    0.033    0.145      0.684  0.006    -4.72     0.60  0.  0.   3
     3   -2.664   -2.077     -8.947  0.199    -4.53     1.73  0.  0.   3
    21    1.154    0.567     -3.431  0.000    -4.53     1.73  0.  0.   3
    21    0.256   -0.369      8.884  0.000    -4.53     1.73  0.  0.   3
    21    0.137    0.285      2.995  0.000    -4.53     1.73  0.  0.   3
    21   -0.904   -0.075      0.123  0.000    -4.53     1.73  0.  0.   3
    21    0.579   -0.901      0.889  0.000    -4.53     1.73  0.  0.   3
    21    1.925   -1.600      5.517  0.000    -4.53     1.73  0.  0.   3
    21    0.246    0.142      0.270  0.000    -4.53     1.73  0.  0.   3
    -3   -0.257    1.866     -7.370  0.199    -4.53     1.73  0.  0.   3
    21   -0.554    0.342      1.166  0.000    -4.81    -3.01  0.  0.   3
    21   -0.165   -0.095     -0.333  0.000    -4.81    -3.01  0.  0.   3
    21   -0.846   -0.456      5.861  0.000    -4.81    -3.01  0.  0.   3
    21   -0.287    1.385     -2.895  0.000    -4.81    -3.01  0.  0.   3
    21   -0.824    0.558     -5.574  0.000    -4.81    -3.01  0.  0.   3
    21    1.295    0.322     -1.486  0.000    -4.81    -3.01  0.  0.   3
    21   -0.310   -1.013     15.520  0.000    -4.81    -3.01  0.  0.   3
    21   -1.064   -1.185      0.903  0.000    -4.81    -3.01  0.  0.   3
    21    0.382   -0.155      1.657  0.000    -4.81    -3.01  0.  0.   3
    21   -0.229   -3.381      3.757  0.000    -4.81    -3.01  0.  0.   3
    21   -0.006    0.140     -0.009  0.000    -4.81    -3.01  0.  0.   3
    21    0.851    0.440     -0.156  0.000    -4.81    -3.01  0.  0.   3
    21    0.086   -0.510     -0.145  0.000    -4.81    -3.01  0.  0.   3
    21    0.553    0.924     -4.710  0.000    -4.81    -3.01  0.  0.   3
    21   -1.894    0.628     -4.739  0.000     1.66    -2.57  0.  0.   3
    21   -0.050   -0.659      1.228  0.000     1.66    -2.57  0.  0.   3
    21   -0.014   -1.286     15.379  0.000     1.66    -2.57  0.  0.   3
    21    1.235   -2.859     -2.406  0.000     1.66    -2.57  0.  0.   3
    21    0.612   -0.140     -2.720  0.000     1.66    -2.57  0.  0.   3
    21    0.222    1.664     -6.844  0.000     1.66    -2.57  0.  0.   3
    21    0.264    0.094     -0.044  0.000     1.66    -2.57  0.  0.   3
    21   -0.157   -0.618     -0.965  0.000     1.66    -2.57  0.  0.   3
    21   -0.067   -0.463     -3.235  0.000     1.66    -2.57  0.  0.   3
    21    0.179    0.705     -2.162  0.000     1.66    -2.57  0.  0.   3
    21   -0.585   -1.123     12.993  0.000     2.66     4.65  0.  0.   3
    21    1.557   -1.132      5.707  0.000     2.66     4.65  0.  0.   3
    21    0.404    0.460      0.430  0.000     2.66     4.65  0.  0.   3
    21    0.106    0.873     13.614  0.000     2.66     4.65  0.  0.   3
    21    0.854   -0.108      2.859  0.000     2.66     4.65  0.  0.   3
    21    0.046   -0.371      0.122  0.000     2.66     4.65  0.  0.   3
    21   -0.541    0.445     -1.104  0.000     2.66     4.65  0.  0.   3
    21   -0.496    0.131     -2.183  0.000     2.66     4.65  0.  0.   3
    21   -0.013    1.155    -14.870  0.000     2.66     4.65  0.  0.   3
    21   -0.586    0.156    -10.142  0.000     2.66     4.65  0.  0.   3
    21    0.567   -0.068     -1.226  0.000     2.66     4.65  0.  0.   3
    21   -0.434   -0.001     -2.492  0.000     2.66     4.65  0.  0.   3
    21    0.486   -0.516      1.541  0.000     1.58     1.63  0.  0.   3
    21    2.394    1.669     -0.096  0.000     1.58     1.63  0.  0.   3
    21    1.197    0.019     -0.424  0.000     1.58     1.63  0.  0.   3
    21    0.573   -0.304      0.112  0.000     1.58     1.63  0.  0.   3
    21   -0.566   -0.359     -2.743  0.000     1.58     1.63  0.  0.   3
    21   -0.450   -0.681     -5.160  0.000     1.58     1.63  0.  0.   3
    21    0.499   -3.553     -0.429  0.000     1.58     1.63  0.  0.   3
    21    0.329    0.159      0.480  0.000     1.58     1.63  0.  0.   3
    21    0.506    0.662      3.756  0.000     1.58     1.63  0.  0.   3
    21    0.589    0.853      8.820  0.000     1.58     1.63  0.  0.   3
    21    2.319   -0.082     -2.656  0.000     2.37     1.21  0.  0.   3
    21   -0.982    1.539      0.280  0.000     2.37     1.21  0.  0.   3
    21   -0.731    1.827      1.673  0.000     2.37     1.21  0.  0.   3
    21    1.301   -1.307      4.248  0.000     2.37     1.21  0.  0.   3
    21   -1.058    0.078     -6.699  0.000     2.37     1.21  0.  0.   3
    21   -0.402    0.380     -0.275  0.000     2.37     1.21  0.  0.   3
    21   -0.123   -0.850      0.236  0.000     2.37     1.21  0.  0.   3
    21   -0.141    0.641      0.588  0.000     2.37     1.21  0.  0.   3
    21   -2.351    0.391    -11.108  0.000    -0.05    -3.66  0.  0.   3
    21    0.635   -0.053     -1.646  0.000    -0.05    -3.66  0.  0.   3
    21   -0.089   -0.133     -5.018  0.000    -0.05    -3.66  0.  0.   3
    21    0.938    0.280      4.333  0.000    -0.05    -3.66  0.  0.   3
    21   -1.677   -2.066     28.764  0.000    -0.05    -3.66  0.  0.   3
    21   -0.014    0.147     -0.040  0.000    -0.05    -3.66  0.  0.   3
    21    0.241   -0.379     -0.482  0.000    -0.05    -3.66  0.  0.   3
    21    0.129    0.903     -7.882  0.000    -0.05    -3.66  0.  0.   3
    21    1.185    0.985     -8.483  0.000    -0.05    -3.66  0.  0.   3
     4    1.930   -2.217     -4.869  1.350    -3.69     0.05  0.  0.   3
    21    1.397   -0.338    -24.352  0.000    -3.69     0.05  0.  0.   3
    21   -0.916    0.329     -1.653  0.000    -3.69     0.05  0.  0.   3
    -4    0.708    3.079    -14.401  1.350    -3.69     0.05  0.  0.   3
    21   -2.568    0.205     14.810  0.000    -1.15     2.19  0.  0.   3
    21   -1.165    1.031     11.286  0.000    -1.15     2.19  0.  0.   3
    21    0.594    0.603      0.708  0.000    -1.15     2.19  0.  0.   3
    21    0.007   -0.008      0.167  0.000    -1.15     2.19  0.  0.   3
    21    0.451    0.160     -0.195  0.000    -1.15     2.19  0.  0.   3
    21    0.015   -0.009     -6.290  0.000    -1.15     2.19  0.  0.   3
    21    0.598   -1.550     -5.908  0.000    -1.15     2.19  0.  0.   3
    21    1.101   -0.504     -6.686  0.000    -1.15     2.19  0.  0.   3
    21    1.005   -1.278    -14.821  0.000    -1.15     2.19  0.  0.   3
     4   -0.585   -1.279      1.432  1.350    -1.15    -5.15  0.  0.   3
    21   -0.811    0.250    -13.349  0.000    -1.15    -5.15  0.  0.   3
    21   -0.837   -1.077     -1.826  0.000    -1.15    -5.15  0.  0.   3
    21    0.477    0.510     -2.734  0.000    -1.15    -5.15  0.  0.   3
    21   -0.228    1.597     -3.989  0.000    -1.15    -5.15  0.  0.   3
    21    0.895    0.265      1.525  0.000    -1.15    -5.15  0.  0.   3
    21   -0.121    0.953      4.084  0.000    -1.15    -5.15  0.  0.   3
    21   -0.111   -0.299      0.063  0.000    -1.15    -5.15  0.  0.   3
    21    0.932    0.072     -2.193  0.000    -1.15    -5.15  0.  0.   3
    -4    1.832    0.946      0.853  1.350    -1.15    -5.15  0.  0.   3
    21   -0.206    1.500      0.147  0.000     1.83    -0.30  0.  0.   3
    21   -0.200    0.285     -0.174  0.000     1.83    -0.30  0.  0.   3
    21    0.339   -0.796     -1.901  0.000     1.83    -0.30  0.  0.   3
    21    2.970   -2.197     -3.691  0.000     1.83    -0.30  0.  0.   3
    21   -0.180   -1.075     -9.524  0.000     1.83    -0.30  0.  0.   3
    21   -0.558    0.146     -1.321  0.000     1.83    -0.30  0.  0.   3
    21   -0.247   -0.250     -1.362  0.000     1.83    -0.30  0.  0.   3
    21   -0.420    0.683     -0.534  0.000     1.83    -0.30  0.  0.   3
    21   -1.557    0.247     -3.604  0.000     1.83    -0.30  0.  0.   3
    21    1.182   -0.061    -11.097  0.000     1.83    -0.30  0.  0.   3
    21    0.299    1.106      2.323  0.000    -4.14    -0.91  0.  0.   3
    21    0.507    0.711    -15.336  0.000    -4.14    -0.91  0.  0.   3
    21   -0.135    0.693     -4.967  0.000    -4.14    -0.91  0.  0.   3
    21    0.548   -0.156     -6.944  0.000    -4.14    -0.91  0.  0.   3
    21   -0.349   -0.106     -2.454  0.000    -4.14    -0.91  0.  0.   3
    21    0.904   -1.004      5.319  0.000    -4.14    -0.91  0.  0.   3
    21    2.115   -1.834     27.056  0.000    -4.14    -0.91  0.  0.   3
    21   -0.915    0.260     14.589  0.000    -4.14    -0.91  0.  0.   3
    21    0.145   -0.320      0.482  0.000    -4.14    -0.91  0.  0.   3
    21    0.024   -0.196      0.103  0.000    -4.14    -0.91  0.  0.   3
    21    0.281    0.487     -3.231  0.000    -4.14    -0.91  0.  0.   3
    21   -2.864    0.242    -18.999  0.000    -4.14    -0.91  0.  0.   3
    21   -0.304   -0.726     -2.320  0.000    -4.14    -0.91  0.  0.   3
    21    0.178    0.470     -1.320  0.000    -4.14    -0.91  0.  0.   3
    21    0.230    0.318      1.100  0.000     3.82    -0.13  0.  0.   3
    21    0.529    0.683      0.103  0.000     3.82    -0.13  0.  0.   3
    21    0.147   -0.059     -0.064  0.000     3.82    -0.13  0.  0.   3
    21    1.209    2.507     -0.284  0.000     3.82    -0.13  0.  0.   3
    21   -0.364   -0.296     -0.221  0.000     3.82    -0.13  0.  0.   3
    21    3.091   -1.149     -4.767  0.000     3.82    -0.13  0.  0.   3
    21   -0.238    0.547     -2.050  0.000     3.82    -0.13  0.  0.   3
    21    2.130    1.000    -10.664  0.000     1.85     1.32  0.  0.   3
    21   -0.619   -0.601     -0.162  0.000     1.85     1.32  0.  0.   3
    21   -0.271    0.098     -0.911  0.000     1.85     1.32  0.  0.   3
    21   -2.343    0.099     -0.066  0.000     1.85     1.32  0.  0.   3
    21    0.222    0.335      0.190  0.000     1.85     1.32  0.  0.   3
    21    0.356   -0.098      0.416  0.000     1.85     1.32  0.  0.   3
    21   -0.236   -2.948      0.923  0.000     1.85     1.32  0.  0.   3
    21    0.026    0.641     11.192  0.000     1.85     1.32  0.  0.   3
    21   -1.277    1.998     13.952  0.000     1.85     1.32  0.  0.   3
    21   -0.099    0.563     -0.002  0.000    -2.18     1.90  0.  0.   3
    21   -1.191    0.800      1.880  0.000    -2.18     1.90  0.  0.   3
    21   -1.426   -1.085      4.367  0.000    -2.18     1.90  0.  0.   3
    21    0.119    0.024     -0.024  0.000    -2.18     1.90  0.  0.   3
    21    1.754    0.638     -2.950  0.000    -2.18     1.90  0.  0.   3
    21    1.340    0.877     -0.543  0.000    -2.18     1.90  0.  0.   3
    21    0.107   -0.254     -1.759  0.000    -2.18     1.90  0.  0.   3
    21   -2.017   -2.170     -6.965  0.000    -2.18     1.90  0.  0.   3
    21   -0.822    1.378     -3.703  0.000    -2.18     1.90  0.  0.   3
     2   -0.854    1.222      6.342  0.006    -0.94     0.58  0.  0.   3
    -2   -0.223    0.552     -2.925  0.006    -0.94     0.58  0.  0.   3
     2    0.706   -0.448    -11.294  0.006    -0.94     0.58  0.  0.   3
    21   -0.073   -0.406     -0.643  0.000    -0.94     0.58  0.  0.   3
    21    0.193    0.193     -3.069  0.000    -0.94     0.58  0.  0.   3
    21   -0.213   -0.889     -1.292  0.000    -0.94     0.58  0.  0.   3
    21    0.290   -0.840     -0.920  0.000    -0.94     0.58  0.  0.   3
    -2   -0.536    0.872      0.418  0.006    -0.94     0.58  0.  0.   3
     4    0.077    1.864     -0.345  1.350    -0.69    -0.50  0.  0.   3
    21   -0.243   -0.927      2.183  0.000    -0.69    -0.50  0.  0.   3
    21    0.534   -0.642     -8.515  0.000    -0.69    -0.50  0.  0.   3
    21    0.035    1.181     -5.036  0.000    -0.69    -0.50  0.  0.   3
    21   -0.741   -0.982     -0.990  0.000    -0.69    -0.50  0.  0.   3
    21   -2.536   -0.213      1.703  0.000    -0.69    -0.50  0.  0.   3
    21    0.334    0.043     -2.568  0.000    -0.69    -0.50  0.  0.   3
    21   -0.837   -0.140     -0.082  0.000    -0.69    -0.50  0.  0.   3
    -4    0.965    0.762      6.962  1.350    -0.69    -0.50  0.  0.   3
    21   -0.112   -0.269     -1.846  0.000     0.48    -4.46  0.  0.   3
    21   -0.179    0.859     -1.375  0.000     0.48    -4.46  0.  0.   3
    21    0.044    0.805      3.239  0.000     0.48    -4.46  0.  0.   3
    21   -2.189    1.859      3.876  0.000     0.48    -4.46  0.  0.   3
    21   -0.100    0.047     -0.331  0.000     0.48    -4.46  0.  0.   3
    21   -0.432    0.032     -0.018  0.000     0.48    -4.46  0.  0.   3
    21    1.055   -0.387      2.323  0.000     0.48    -4.46  0.  0.   3
    21   -0.630   -0.687     -0.481  0.000     0.48    -4.46  0.  0.   3
    21    0.316   -0.805     -0.707  0.000     0.48    -4.46  0.  0.   3
    21    0.665    0.581     -2.105  0.000     0.48    -4.46  0.  0.   3
    21   -0.346    0.460      0.164  0.000     0.48    -4.46  0.  0.   3
    21    1.192   -0.494     -2.738  0.000     0.48    -4.46  0.  0.   3
