    -9.80000      0.00000
    -9.40000      0.00000
    -9.00000      0.00000
    -8.60000      0.00000
    -8.20000      0.00000
    -7.80000      0.00000
    -7.40000     10.00000
    -7.00000      0.00000
    -6.60000     10.00000
    -6.20000     12.50000
    -5.80000     35.00000
    -5.40000     57.50000
    -5.00000     60.00000
    -4.60000     55.00000
    -4.20000    142.50000
    -3.80000    142.50000
    -3.40000    192.50000
    -3.00000    280.00000
    -2.60000    227.50000
    -2.20000    290.00000
    -1.80000    310.00000
    -1.40000    347.50000
    -1.00000    297.50000
    -0.60000    282.50000
    -0.20000    272.50000
     0.20000    280.00000
     0.60000    282.50000
     1.00000    305.00000
     1.40000    305.00000
     1.80000    275.00000
     2.20000    297.50000
     2.60000    272.50000
     3.00000    217.50000
     3.40000    172.50000
     3.80000    160.00000
     4.20000     95.00000
     4.60000    115.00000
     5.00000     80.00000
     5.40000     50.00000
     5.80000     40.00000
     6.20000     10.00000
     6.60000     12.50000
     7.00000      2.50000
     7.40000      7.50000
     7.80000      2.50000
     8.20000      0.00000
     8.60000      0.00000
     9.00000      0.00000
     9.40000      0.00000
     9.80000      0.00000
 after hadron evolution
    -9.80000      0.00000
    -9.40000      0.00000
    -9.00000      0.00000
    -8.60000      2.50000
    -8.20000      0.00000
    -7.80000      0.00000
    -7.40000      7.50000
    -7.00000      0.00000
    -6.60000      7.50000
    -6.20000     17.50000
    -5.80000     32.50000
    -5.40000     62.50000
    -5.00000     90.00000
    -4.60000    117.50000
    -4.20000    222.50000
    -3.80000    227.50000
    -3.40000    330.00000
    -3.00000    382.50000
    -2.60000    395.00000
    -2.20000    512.50000
    -1.80000    575.00000
    -1.40000    600.00000
    -1.00000    542.50000
    -0.60000    510.00000
    -0.20000    542.50000
     0.20000    505.00000
     0.60000    502.50000
     1.00000    575.00000
     1.40000    465.00000
     1.80000    467.50000
     2.20000    472.50000
     2.60000    417.50000
     3.00000    332.50000
     3.40000    262.50000
     3.80000    225.00000
     4.20000    152.50000
     4.60000    157.50000
     5.00000     97.50000
     5.40000     55.00000
     5.80000     45.00000
     6.20000      7.50000
     6.60000     10.00000
     7.00000      2.50000
     7.40000      5.00000
     7.80000      0.00000
     8.20000      0.00000
     8.60000      0.00000
     9.00000      0.00000
     9.40000      0.00000
     9.80000      0.00000
