 after hadron evolution
     0.02500     78.19829
     0.07500    156.33430
     0.12500    128.37640
     0.17500     59.05995
     0.22500    169.03955
     0.27500     64.32966
     0.32500     61.15473
     0.37500     57.59787
     0.42500     10.79206
     0.47500     30.60711
     0.52500     10.05814
     0.57500     18.34111
     0.62500     17.68307
     0.67500      8.71678
     0.77500     23.56668
     0.82500     15.22196
     0.87500     14.50372
     0.92500     14.10434
     0.97500     20.34778
     1.02500      6.63934
     1.07500     19.25639
     1.17500     11.95644
     1.27500      5.57989
     1.47500      5.12956
