    -9.80000      0.00000
    -9.40000      0.00000
    -9.00000      0.00000
    -8.60000      0.00000
    -8.20000      0.00000
    -7.80000      0.00000
    -7.40000      0.00000
    -7.00000      0.00000
    -6.60000      0.00000
    -6.20000      0.00000
    -5.80000      5.00000
    -5.40000      0.00000
    -5.00000      7.50000
    -4.60000     10.00000
    -4.20000     15.00000
    -3.80000     32.50000
    -3.40000     52.50000
    -3.00000     65.00000
    -2.60000     55.00000
    -2.20000     87.50000
    -1.80000     97.50000
    -1.40000    105.00000
    -1.00000     77.50000
    -0.60000    102.50000
    -0.20000     65.00000
     0.20000     47.50000
     0.60000     70.00000
     1.00000    105.00000
     1.40000     92.50000
     1.80000     97.50000
     2.20000     80.00000
     2.60000     67.50000
     3.00000     55.00000
     3.40000     25.00000
     3.80000     40.00000
     4.20000     20.00000
     4.60000     12.50000
     5.00000      5.00000
     5.40000      7.50000
     5.80000      2.50000
     6.20000      0.00000
     6.60000      0.00000
     7.00000      0.00000
     7.40000      0.00000
     7.80000      0.00000
     8.20000      0.00000
     8.60000      0.00000
     9.00000      0.00000
     9.40000      0.00000
     9.80000      0.00000
 after hadron evolution
    -9.80000      0.00000
    -9.40000      0.00000
    -9.00000      0.00000
    -8.60000      0.00000
    -8.20000      0.00000
    -7.80000      0.00000
    -7.40000      0.00000
    -7.00000      0.00000
    -6.60000      0.00000
    -6.20000      0.00000
    -5.80000     10.00000
    -5.40000      7.50000
    -5.00000     30.00000
    -4.60000     32.50000
    -4.20000     80.00000
    -3.80000    102.50000
    -3.40000    165.00000
    -3.00000    175.00000
    -2.60000    170.00000
    -2.20000    245.00000
    -1.80000    217.50000
    -1.40000    300.00000
    -1.00000    260.00000
    -0.60000    297.50000
    -0.20000    277.50000
     0.20000    245.00000
     0.60000    300.00000
     1.00000    297.50000
     1.40000    240.00000
     1.80000    225.00000
     2.20000    242.50000
     2.60000    162.50000
     3.00000    140.00000
     3.40000     95.00000
     3.80000     92.50000
     4.20000     87.50000
     4.60000     62.50000
     5.00000     30.00000
     5.40000     12.50000
     5.80000     12.50000
     6.20000      0.00000
     6.60000      0.00000
     7.00000      0.00000
     7.40000      0.00000
     7.80000      0.00000
     8.20000      0.00000
     8.60000      0.00000
     9.00000      0.00000
     9.40000      0.00000
     9.80000      0.00000
