    -9.80000      0.00000
    -9.40000      0.00000
    -9.00000      0.00000
    -8.60000      0.00000
    -8.20000      0.00000
    -7.80000      0.00000
    -7.40000      0.00000
    -7.00000      0.00000
    -6.60000      0.00000
    -6.20000      0.00000
    -5.80000      2.50000
    -5.40000      2.50000
    -5.00000     17.50000
    -4.60000     20.00000
    -4.20000     22.50000
    -3.80000     35.00000
    -3.40000     37.50000
    -3.00000     55.00000
    -2.60000     90.00000
    -2.20000     92.50000
    -1.80000     65.00000
    -1.40000    120.00000
    -1.00000     75.00000
    -0.60000     62.50000
    -0.20000     80.00000
     0.20000     57.50000
     0.60000     72.50000
     1.00000     75.00000
     1.40000     85.00000
     1.80000     72.50000
     2.20000     70.00000
     2.60000     62.50000
     3.00000     57.50000
     3.40000     42.50000
     3.80000     27.50000
     4.20000     12.50000
     4.60000     12.50000
     5.00000     17.50000
     5.40000      5.00000
     5.80000      2.50000
     6.20000      5.00000
     6.60000      0.00000
     7.00000      0.00000
     7.40000      0.00000
     7.80000      0.00000
     8.20000      0.00000
     8.60000      0.00000
     9.00000      0.00000
     9.40000      0.00000
     9.80000      0.00000
 after hadron evolution
    -9.80000      0.00000
    -9.40000      0.00000
    -9.00000      0.00000
    -8.60000      0.00000
    -8.20000      0.00000
    -7.80000      0.00000
    -7.40000      0.00000
    -7.00000      0.00000
    -6.60000      0.00000
    -6.20000      2.50000
    -5.80000      5.00000
    -5.40000     12.50000
    -5.00000     27.50000
    -4.60000     50.00000
    -4.20000     70.00000
    -3.80000     85.00000
    -3.40000    125.00000
    -3.00000    120.00000
    -2.60000    172.50000
    -2.20000    210.00000
    -1.80000    212.50000
    -1.40000    267.50000
    -1.00000    202.50000
    -0.60000    230.00000
    -0.20000    225.00000
     0.20000    190.00000
     0.60000    217.50000
     1.00000    227.50000
     1.40000    187.50000
     1.80000    180.00000
     2.20000    165.00000
     2.60000    145.00000
     3.00000    130.00000
     3.40000     90.00000
     3.80000     60.00000
     4.20000     35.00000
     4.60000     37.50000
     5.00000     30.00000
     5.40000     10.00000
     5.80000      5.00000
     6.20000     10.00000
     6.60000      0.00000
     7.00000      0.00000
     7.40000      0.00000
     7.80000      0.00000
     8.20000      0.00000
     8.60000      0.00000
     9.00000      0.00000
     9.40000      0.00000
     9.80000      0.00000
