    -9.80000      0.00000
    -9.40000      0.00000
    -9.00000      0.00000
    -8.60000      0.00000
    -8.20000      0.00000
    -7.80000      0.00000
    -7.40000      0.00000
    -7.00000      0.00000
    -6.60000      0.00000
    -6.20000      2.50000
    -5.80000      7.50000
    -5.40000     25.00000
    -5.00000     40.00000
    -4.60000     75.00000
    -4.20000     95.00000
    -3.80000    132.50000
    -3.40000    172.50000
    -3.00000    232.50000
    -2.60000    252.50000
    -2.20000    300.00000
    -1.80000    282.50000
    -1.40000    362.50000
    -1.00000    345.00000
    -0.60000    342.50000
    -0.20000    357.50000
     0.20000    352.50000
     0.60000    330.00000
     1.00000    342.50000
     1.40000    332.50000
     1.80000    277.50000
     2.20000    310.00000
     2.60000    240.00000
     3.00000    195.00000
     3.40000    195.00000
     3.80000    115.00000
     4.20000    112.50000
     4.60000    102.50000
     5.00000     50.00000
     5.40000     15.00000
     5.80000      7.50000
     6.20000      5.00000
     6.60000      0.00000
     7.00000      0.00000
     7.40000      0.00000
     7.80000      0.00000
     8.20000      0.00000
     8.60000      0.00000
     9.00000      0.00000
     9.40000      0.00000
     9.80000      0.00000
 after hadron evolution
    -9.80000      0.00000
    -9.40000      0.00000
    -9.00000      0.00000
    -8.60000      0.00000
    -8.20000      0.00000
    -7.80000      0.00000
    -7.40000      0.00000
    -7.00000      0.00000
    -6.60000      0.00000
    -6.20000      5.00000
    -5.80000     15.00000
    -5.40000     32.50000
    -5.00000     62.50000
    -4.60000    115.00000
    -4.20000    140.00000
    -3.80000    227.50000
    -3.40000    322.50000
    -3.00000    332.50000
    -2.60000    367.50000
    -2.20000    507.50000
    -1.80000    540.00000
    -1.40000    637.50000
    -1.00000    620.00000
    -0.60000    605.00000
    -0.20000    647.50000
     0.20000    582.50000
     0.60000    600.00000
     1.00000    630.00000
     1.40000    475.00000
     1.80000    522.50000
     2.20000    452.50000
     2.60000    342.50000
     3.00000    332.50000
     3.40000    220.00000
     3.80000    187.50000
     4.20000    182.50000
     4.60000    110.00000
     5.00000     80.00000
     5.40000     17.50000
     5.80000     12.50000
     6.20000     10.00000
     6.60000      0.00000
     7.00000      0.00000
     7.40000      0.00000
     7.80000      0.00000
     8.20000      0.00000
     8.60000      0.00000
     9.00000      0.00000
     9.40000      0.00000
     9.80000      0.00000
