    -9.80000      0.00000
    -9.40000      0.00000
    -9.00000      0.00000
    -8.60000      0.00000
    -8.20000      0.00000
    -7.80000      0.00000
    -7.40000      0.00000
    -7.00000      0.00000
    -6.60000      0.00000
    -6.20000      2.50000
    -5.80000     15.00000
    -5.40000     25.00000
    -5.00000     60.00000
    -4.60000     85.00000
    -4.20000    140.00000
    -3.80000    177.50000
    -3.40000    290.00000
    -3.00000    365.00000
    -2.60000    420.00000
    -2.20000    475.00000
    -1.80000    575.00000
    -1.40000    657.50000
    -1.00000    600.00000
    -0.60000    605.00000
    -0.20000    627.50000
     0.20000    612.50000
     0.60000    592.50000
     1.00000    617.50000
     1.40000    560.00000
     1.80000    515.00000
     2.20000    510.00000
     2.60000    392.50000
     3.00000    335.00000
     3.40000    252.50000
     3.80000    175.00000
     4.20000    132.50000
     4.60000    107.50000
     5.00000     55.00000
     5.40000     30.00000
     5.80000     10.00000
     6.20000      5.00000
     6.60000      0.00000
     7.00000      0.00000
     7.40000      0.00000
     7.80000      0.00000
     8.20000      0.00000
     8.60000      0.00000
     9.00000      0.00000
     9.40000      0.00000
     9.80000      0.00000
 after hadron evolution
    -9.80000      0.00000
    -9.40000      0.00000
    -9.00000      0.00000
    -8.60000      0.00000
    -8.20000      0.00000
    -7.80000      0.00000
    -7.40000      0.00000
    -7.00000      0.00000
    -6.60000      0.00000
    -6.20000      5.00000
    -5.80000     25.00000
    -5.40000     45.00000
    -5.00000     90.00000
    -4.60000    132.50000
    -4.20000    212.50000
    -3.80000    292.50000
    -3.40000    485.00000
    -3.00000    522.50000
    -2.60000    550.00000
    -2.20000    747.50000
    -1.80000    810.00000
    -1.40000    980.00000
    -1.00000    895.00000
    -0.60000    895.00000
    -0.20000    940.00000
     0.20000    837.50000
     0.60000    942.50000
     1.00000    927.50000
     1.40000    740.00000
     1.80000    767.50000
     2.20000    705.00000
     2.60000    530.00000
     3.00000    472.50000
     3.40000    322.50000
     3.80000    262.50000
     4.20000    237.50000
     4.60000    157.50000
     5.00000    102.50000
     5.40000     32.50000
     5.80000     22.50000
     6.20000     10.00000
     6.60000      0.00000
     7.00000      0.00000
     7.40000      0.00000
     7.80000      0.00000
     8.20000      0.00000
     8.60000      0.00000
     9.00000      0.00000
     9.40000      0.00000
     9.80000      0.00000
