    -9.80000      0.00500
    -9.40000      0.02000
    -9.00000      0.03000
    -8.60000      0.04500
    -8.20000      0.09000
    -7.80000      0.16500
    -7.40000      0.27500
    -7.00000      0.42000
    -6.60000      0.57500
    -6.20000      0.69000
    -5.80000      0.91000
    -5.40000      0.97000
    -5.00000      1.26500
    -4.60000      1.53500
    -4.20000      1.58000
    -3.80000      1.79500
    -3.40000      1.85000
    -3.00000      1.90000
    -2.60000      1.78000
    -2.20000      1.87000
    -1.80000      1.83500
    -1.40000      1.69000
    -1.00000      1.82000
    -0.60000      1.56500
    -0.20000      1.62000
     0.20000      1.53000
     0.60000      1.55000
     1.00000      1.77500
     1.40000      1.79500
     1.80000      1.84500
     2.20000      1.98000
     2.60000      1.78000
     3.00000      1.96000
     3.40000      1.96500
     3.80000      1.67500
     4.20000      1.63500
     4.60000      1.30000
     5.00000      1.24500
     5.40000      1.03500
     5.80000      0.87500
     6.20000      0.69000
     6.60000      0.59000
     7.00000      0.30500
     7.40000      0.35500
     7.80000      0.11500
     8.20000      0.08500
     8.60000      0.03500
     9.00000      0.01500
     9.40000      0.01000
     9.80000      0.00500
 after hadron evolution
    -9.80000      0.00000
    -9.40000      0.02000
    -9.00000      0.04000
    -8.60000      0.04500
    -8.20000      0.11000
    -7.80000      0.32500
    -7.40000      0.42500
    -7.00000      0.67000
    -6.60000      0.97500
    -6.20000      1.30500
    -5.80000      1.57500
    -5.40000      1.95000
    -5.00000      2.27000
    -4.60000      2.34500
    -4.20000      2.88000
    -3.80000      3.04500
    -3.40000      3.13500
    -3.00000      3.39000
    -2.60000      3.28000
    -2.20000      3.39500
    -1.80000      3.33500
    -1.40000      3.30000
    -1.00000      3.28500
    -0.60000      3.16000
    -0.20000      3.20500
     0.20000      3.33500
     0.60000      3.14500
     1.00000      3.16000
     1.40000      3.40500
     1.80000      3.40000
     2.20000      3.22000
     2.60000      3.50500
     3.00000      3.22500
     3.40000      3.26000
     3.80000      2.95500
     4.20000      2.66500
     4.60000      2.34000
     5.00000      2.01500
     5.40000      1.84500
     5.80000      1.55500
     6.20000      1.17000
     6.60000      0.97500
     7.00000      0.63000
     7.40000      0.48500
     7.80000      0.21500
     8.20000      0.15500
     8.60000      0.04500
     9.00000      0.03500
     9.40000      0.02000
     9.80000      0.00000
