    -9.80000      0.00000
    -9.40000      0.00500
    -9.00000      0.02000
    -8.60000      0.04500
    -8.20000      0.11000
    -7.80000      0.30000
    -7.40000      0.57000
    -7.00000      1.09500
    -6.60000      1.58000
    -6.20000      2.01500
    -5.80000      2.61500
    -5.40000      2.99500
    -5.00000      3.45000
    -4.60000      4.46500
    -4.20000      5.27000
    -3.80000      5.51500
    -3.40000      5.99500
    -3.00000      6.33500
    -2.60000      5.96500
    -2.20000      6.49000
    -1.80000      6.23500
    -1.40000      6.45500
    -1.00000      6.70000
    -0.60000      6.55500
    -0.20000      7.32000
     0.20000      6.89500
     0.60000      6.57500
     1.00000      6.90500
     1.40000      6.77500
     1.80000      6.35500
     2.20000      6.43500
     2.60000      6.06000
     3.00000      5.89000
     3.40000      6.16000
     3.80000      5.15500
     4.20000      4.50500
     4.60000      4.27500
     5.00000      3.47000
     5.40000      3.03000
     5.80000      2.45500
     6.20000      1.88500
     6.60000      1.50000
     7.00000      1.12000
     7.40000      0.64500
     7.80000      0.39000
     8.20000      0.15000
     8.60000      0.04500
     9.00000      0.01000
     9.40000      0.00000
     9.80000      0.00000
 after hadron evolution
    -9.80000      0.00000
    -9.40000      0.01500
    -9.00000      0.03000
    -8.60000      0.09000
    -8.20000      0.25500
    -7.80000      0.77500
    -7.40000      1.21000
    -7.00000      1.89000
    -6.60000      2.89000
    -6.20000      3.61000
    -5.80000      4.37000
    -5.40000      5.27500
    -5.00000      5.95000
    -4.60000      7.58000
    -4.20000      8.66000
    -3.80000      9.02000
    -3.40000      9.73000
    -3.00000     10.18500
    -2.60000      9.99500
    -2.20000     10.58500
    -1.80000     10.63500
    -1.40000     10.41000
    -1.00000     11.00500
    -0.60000     11.06500
    -0.20000     11.77500
     0.20000     11.40500
     0.60000     10.66500
     1.00000     11.17500
     1.40000     10.99000
     1.80000     10.72000
     2.20000     10.77500
     2.60000     10.06000
     3.00000      9.86500
     3.40000      9.73000
     3.80000      8.93500
     4.20000      7.75000
     4.60000      6.71000
     5.00000      6.09000
     5.40000      5.22000
     5.80000      4.28000
     6.20000      3.22000
     6.60000      2.60000
     7.00000      1.88500
     7.40000      1.35000
     7.80000      0.68000
     8.20000      0.29500
     8.60000      0.12000
     9.00000      0.02000
     9.40000      0.00500
     9.80000      0.00000
