    -9.80000      0.00000
    -9.40000      0.00000
    -9.00000      0.00000
    -8.60000      0.00000
    -8.20000      0.00000
    -7.80000      0.00500
    -7.40000      0.01000
    -7.00000      0.03500
    -6.60000      0.03000
    -6.20000      0.07000
    -5.80000      0.08000
    -5.40000      0.08000
    -5.00000      0.09500
    -4.60000      0.16500
    -4.20000      0.14500
    -3.80000      0.16500
    -3.40000      0.19000
    -3.00000      0.30500
    -2.60000      0.19500
    -2.20000      0.15500
    -1.80000      0.21500
    -1.40000      0.19500
    -1.00000      0.18500
    -0.60000      0.20500
    -0.20000      0.23000
     0.20000      0.25000
     0.60000      0.23500
     1.00000      0.29000
     1.40000      0.18000
     1.80000      0.20500
     2.20000      0.24000
     2.60000      0.21000
     3.00000      0.19500
     3.40000      0.14500
     3.80000      0.13000
     4.20000      0.10000
     4.60000      0.08500
     5.00000      0.11000
     5.40000      0.11500
     5.80000      0.06500
     6.20000      0.05500
     6.60000      0.03000
     7.00000      0.01500
     7.40000      0.00000
     7.80000      0.01500
     8.20000      0.00000
     8.60000      0.00500
     9.00000      0.00000
     9.40000      0.00000
     9.80000      0.00000
 after hadron evolution
    -9.80000      0.00000
    -9.40000      0.00000
    -9.00000      0.00000
    -8.60000      0.00000
    -8.20000      0.01000
    -7.80000      0.00500
    -7.40000      0.03000
    -7.00000      0.04500
    -6.60000      0.09500
    -6.20000      0.12500
    -5.80000      0.18000
    -5.40000      0.18000
    -5.00000      0.26500
    -4.60000      0.25500
    -4.20000      0.34500
    -3.80000      0.36000
    -3.40000      0.38000
    -3.00000      0.50500
    -2.60000      0.31500
    -2.20000      0.40500
    -1.80000      0.41500
    -1.40000      0.34500
    -1.00000      0.46500
    -0.60000      0.45500
    -0.20000      0.47000
     0.20000      0.47000
     0.60000      0.35000
     1.00000      0.45000
     1.40000      0.41000
     1.80000      0.43000
     2.20000      0.38000
     2.60000      0.33500
     3.00000      0.32500
     3.40000      0.37000
     3.80000      0.28000
     4.20000      0.30000
     4.60000      0.21500
     5.00000      0.28500
     5.40000      0.21000
     5.80000      0.15500
     6.20000      0.12000
     6.60000      0.07500
     7.00000      0.04500
     7.40000      0.00500
     7.80000      0.02000
     8.20000      0.00000
     8.60000      0.00500
     9.00000      0.00000
     9.40000      0.00000
     9.80000      0.00000
