    -9.80000      0.00000
    -9.40000      0.00000
    -9.00000      0.00000
    -8.60000      0.00000
    -8.20000      0.00500
    -7.80000      0.00000
    -7.40000      0.02000
    -7.00000      0.01500
    -6.60000      0.02000
    -6.20000      0.02500
    -5.80000      0.03000
    -5.40000      0.05500
    -5.00000      0.11500
    -4.60000      0.11500
    -4.20000      0.23500
    -3.80000      0.17000
    -3.40000      0.19500
    -3.00000      0.21500
    -2.60000      0.20000
    -2.20000      0.23000
    -1.80000      0.19000
    -1.40000      0.18000
    -1.00000      0.21500
    -0.60000      0.25000
    -0.20000      0.24000
     0.20000      0.23000
     0.60000      0.21000
     1.00000      0.28000
     1.40000      0.22500
     1.80000      0.25000
     2.20000      0.18000
     2.60000      0.20500
     3.00000      0.16500
     3.40000      0.20500
     3.80000      0.15500
     4.20000      0.12000
     4.60000      0.11000
     5.00000      0.14500
     5.40000      0.07500
     5.80000      0.07000
     6.20000      0.05000
     6.60000      0.03500
     7.00000      0.01500
     7.40000      0.01000
     7.80000      0.00000
     8.20000      0.00500
     8.60000      0.00000
     9.00000      0.00000
     9.40000      0.00000
     9.80000      0.00000
 after hadron evolution
    -9.80000      0.00000
    -9.40000      0.00000
    -9.00000      0.00000
    -8.60000      0.00500
    -8.20000      0.00000
    -7.80000      0.00500
    -7.40000      0.03000
    -7.00000      0.04500
    -6.60000      0.05000
    -6.20000      0.08000
    -5.80000      0.11500
    -5.40000      0.16500
    -5.00000      0.17500
    -4.60000      0.29500
    -4.20000      0.41500
    -3.80000      0.39500
    -3.40000      0.35500
    -3.00000      0.38500
    -2.60000      0.43000
    -2.20000      0.43000
    -1.80000      0.39500
    -1.40000      0.46500
    -1.00000      0.49000
    -0.60000      0.50500
    -0.20000      0.52000
     0.20000      0.52500
     0.60000      0.44500
     1.00000      0.49500
     1.40000      0.50000
     1.80000      0.39000
     2.20000      0.35000
     2.60000      0.39500
     3.00000      0.33500
     3.40000      0.37000
     3.80000      0.28500
     4.20000      0.31500
     4.60000      0.27500
     5.00000      0.24500
     5.40000      0.17500
     5.80000      0.17000
     6.20000      0.11000
     6.60000      0.09000
     7.00000      0.03000
     7.40000      0.02500
     7.80000      0.01500
     8.20000      0.00500
     8.60000      0.00000
     9.00000      0.00000
     9.40000      0.00000
     9.80000      0.00000
