    -9.80000      0.00000
    -9.40000      0.00000
    -9.00000      0.02000
    -8.60000      0.08500
    -8.20000      0.09500
    -7.80000      0.31500
    -7.40000      0.36500
    -7.00000      0.48000
    -6.60000      0.40000
    -6.20000      0.37000
    -5.80000      0.26000
    -5.40000      0.07000
    -5.00000      0.05500
    -4.60000      0.03000
    -4.20000      0.12000
    -3.80000      0.06000
    -3.40000     -0.04000
    -3.00000     -0.06500
    -2.60000     -0.10000
    -2.20000     -0.12500
    -1.80000      0.00000
    -1.40000      0.04500
    -1.00000      0.07000
    -0.60000      0.16500
    -0.20000      0.07000
     0.20000      0.09500
     0.60000     -0.02000
     1.00000      0.06000
     1.40000      0.06500
     1.80000     -0.04500
     2.20000     -0.00500
     2.60000      0.04500
     3.00000     -0.07000
     3.40000     -0.07000
     3.80000     -0.02000
     4.20000     -0.08000
     4.60000      0.05500
     5.00000     -0.04000
     5.40000      0.04500
     5.80000      0.11500
     6.20000      0.32500
     6.60000      0.33500
     7.00000      0.54000
     7.40000      0.40500
     7.80000      0.25000
     8.20000      0.15000
     8.60000      0.06000
     9.00000      0.01000
     9.40000      0.00000
     9.80000      0.00000
 after hadron evolution
    -9.80000      0.00000
    -9.40000      0.00000
    -9.00000      0.02000
    -8.60000      0.08500
    -8.20000      0.10000
    -7.80000      0.31500
    -7.40000      0.35500
    -7.00000      0.48500
    -6.60000      0.44000
    -6.20000      0.31500
    -5.80000      0.25000
    -5.40000      0.05000
    -5.00000      0.10500
    -4.60000      0.01000
    -4.20000      0.12000
    -3.80000      0.05000
    -3.40000     -0.01000
    -3.00000     -0.06000
    -2.60000     -0.16000
    -2.20000     -0.05500
    -1.80000     -0.01000
    -1.40000      0.00500
    -1.00000      0.08500
    -0.60000      0.20000
    -0.20000      0.06000
     0.20000      0.06000
     0.60000      0.03500
     1.00000      0.03500
     1.40000      0.05000
     1.80000     -0.07000
     2.20000     -0.03500
     2.60000      0.04500
     3.00000     -0.03000
     3.40000     -0.09500
     3.80000     -0.00500
     4.20000     -0.06500
     4.60000      0.09500
     5.00000     -0.08000
     5.40000      0.04500
     5.80000      0.11500
     6.20000      0.32500
     6.60000      0.35500
     7.00000      0.50000
     7.40000      0.42500
     7.80000      0.24000
     8.20000      0.15000
     8.60000      0.06000
     9.00000      0.01000
     9.40000      0.00000
     9.80000      0.00000
