    -9.80000      0.00000
    -9.40000      0.00000
    -9.00000      0.00000
    -8.60000      0.00500
    -8.20000      0.01000
    -7.80000      0.02500
    -7.40000      0.08000
    -7.00000      0.10000
    -6.60000      0.20500
    -6.20000      0.23500
    -5.80000      0.33000
    -5.40000      0.35000
    -5.00000      0.38000
    -4.60000      0.53000
    -4.20000      0.61000
    -3.80000      0.60500
    -3.40000      0.70500
    -3.00000      0.76500
    -2.60000      0.71000
    -2.20000      0.73500
    -1.80000      0.76500
    -1.40000      0.71500
    -1.00000      0.87000
    -0.60000      0.72500
    -0.20000      0.77500
     0.20000      0.74500
     0.60000      0.84000
     1.00000      0.74500
     1.40000      0.75000
     1.80000      0.78500
     2.20000      0.73000
     2.60000      0.66500
     3.00000      0.78000
     3.40000      0.70000
     3.80000      0.59000
     4.20000      0.57000
     4.60000      0.45500
     5.00000      0.38000
     5.40000      0.39500
     5.80000      0.22000
     6.20000      0.28000
     6.60000      0.18000
     7.00000      0.11000
     7.40000      0.07500
     7.80000      0.03000
     8.20000      0.01500
     8.60000      0.01000
     9.00000      0.00000
     9.40000      0.00000
     9.80000      0.00000
 after hadron evolution
    -9.80000      0.00000
    -9.40000      0.00000
    -9.00000      0.00000
    -8.60000      0.01000
    -8.20000      0.06000
    -7.80000      0.18500
    -7.40000      0.32500
    -7.00000      0.48500
    -6.60000      0.76500
    -6.20000      0.93500
    -5.80000      1.10500
    -5.40000      1.50500
    -5.00000      1.67000
    -4.60000      2.03000
    -4.20000      2.22000
    -3.80000      2.36000
    -3.40000      2.47000
    -3.00000      2.66500
    -2.60000      2.66000
    -2.20000      2.67500
    -1.80000      2.95000
    -1.40000      2.63500
    -1.00000      3.07500
    -0.60000      2.79500
    -0.20000      3.00000
     0.20000      3.12000
     0.60000      2.95500
     1.00000      2.88000
     1.40000      2.83000
     1.80000      2.74000
     2.20000      2.74000
     2.60000      2.64500
     3.00000      2.62000
     3.40000      2.63500
     3.80000      2.39000
     4.20000      2.04500
     4.60000      1.64000
     5.00000      1.53000
     5.40000      1.41500
     5.80000      1.06000
     6.20000      0.95000
     6.60000      0.66500
     7.00000      0.45500
     7.40000      0.29500
     7.80000      0.18000
     8.20000      0.06500
     8.60000      0.02000
     9.00000      0.00500
     9.40000      0.00000
     9.80000      0.00000
