    -9.80000      0.00000
    -9.40000      0.00000
    -9.00000      0.02000
    -8.60000      0.10000
    -8.20000      0.12000
    -7.80000      0.35000
    -7.40000      0.58500
    -7.00000      0.90000
    -6.60000      1.23500
    -6.20000      1.43000
    -5.80000      1.73500
    -5.40000      1.93000
    -5.00000      2.13000
    -4.60000      2.76500
    -4.20000      3.23000
    -3.80000      3.40500
    -3.40000      3.66500
    -3.00000      4.04500
    -2.60000      3.62500
    -2.20000      3.74500
    -1.80000      3.72000
    -1.40000      3.95500
    -1.00000      4.01000
    -0.60000      3.88000
    -0.20000      4.15000
     0.20000      3.96000
     0.60000      4.12000
     1.00000      3.98500
     1.40000      4.10500
     1.80000      4.05000
     2.20000      4.04500
     2.60000      3.67500
     3.00000      3.70500
     3.40000      3.81000
     3.80000      3.22000
     4.20000      2.81000
     4.60000      2.51500
     5.00000      2.21500
     5.40000      1.96500
     5.80000      1.45000
     6.20000      1.36000
     6.60000      1.09000
     7.00000      0.91500
     7.40000      0.62500
     7.80000      0.35500
     8.20000      0.20500
     8.60000      0.10000
     9.00000      0.01500
     9.40000      0.00000
     9.80000      0.00000
 after hadron evolution
    -9.80000      0.00000
    -9.40000      0.00000
    -9.00000      0.02500
    -8.60000      0.13500
    -8.20000      0.22000
    -7.80000      0.65000
    -7.40000      0.98000
    -7.00000      1.45500
    -6.60000      2.08000
    -6.20000      2.48500
    -5.80000      2.94000
    -5.40000      3.50000
    -5.00000      4.01500
    -4.60000      4.80000
    -4.20000      5.61500
    -3.80000      6.08500
    -3.40000      6.33000
    -3.00000      6.68000
    -2.60000      6.32500
    -2.20000      6.88500
    -1.80000      6.96500
    -1.40000      6.86000
    -1.00000      7.34000
    -0.60000      7.23000
    -0.20000      7.62000
     0.20000      7.52000
     0.60000      7.03000
     1.00000      7.14500
     1.40000      7.16500
     1.80000      6.93500
     2.20000      6.94500
     2.60000      6.53500
     3.00000      6.43500
     3.40000      6.43500
     3.80000      5.82000
     4.20000      5.19000
     4.60000      4.27500
     5.00000      3.92000
     5.40000      3.55500
     5.80000      2.65500
     6.20000      2.33500
     6.60000      1.93000
     7.00000      1.35000
     7.40000      1.07000
     7.80000      0.56000
     8.20000      0.30500
     8.60000      0.14500
     9.00000      0.02000
     9.40000      0.00000
     9.80000      0.00000
