    -9.80000      0.00000
    -9.40000      0.00000
    -9.00000      0.02000
    -8.60000      0.08500
    -8.20000      0.06500
    -7.80000      0.11500
    -7.40000      0.11000
    -7.00000      0.11500
    -6.60000      0.10500
    -6.20000      0.06500
    -5.80000      0.06500
    -5.40000      0.06500
    -5.00000      0.06500
    -4.60000      0.02500
    -4.20000      0.03500
    -3.80000      0.06500
    -3.40000      0.09000
    -3.00000      0.08500
    -2.60000      0.05000
    -2.20000      0.05000
    -1.80000      0.05500
    -1.40000      0.12500
    -1.00000      0.09000
    -0.60000      0.10500
    -0.20000      0.07500
     0.20000      0.07500
     0.60000      0.12500
     1.00000      0.11500
     1.40000      0.11500
     1.80000      0.10000
     2.20000      0.09000
     2.60000      0.12000
     3.00000      0.08000
     3.40000      0.07000
     3.80000      0.08000
     4.20000      0.09000
     4.60000      0.07500
     5.00000      0.05500
     5.40000      0.05500
     5.80000      0.04500
     6.20000      0.10000
     6.60000      0.12000
     7.00000      0.11500
     7.40000      0.16500
     7.80000      0.10500
     8.20000      0.10500
     8.60000      0.06000
     9.00000      0.01000
     9.40000      0.00000
     9.80000      0.00000
 after hadron evolution
    -9.80000      0.00000
    -9.40000      0.00000
    -9.00000      0.02000
    -8.60000      0.08500
    -8.20000      0.07000
    -7.80000      0.17500
    -7.40000      0.22500
    -7.00000      0.27000
    -6.60000      0.26000
    -6.20000      0.19000
    -5.80000      0.15000
    -5.40000      0.18000
    -5.00000      0.15500
    -4.60000      0.13000
    -4.20000      0.15500
    -3.80000      0.19000
    -3.40000      0.17500
    -3.00000      0.18500
    -2.60000      0.08000
    -2.20000      0.15500
    -1.80000      0.14500
    -1.40000      0.21500
    -1.00000      0.21500
    -0.60000      0.22500
    -0.20000      0.18000
     0.20000      0.16500
     0.60000      0.27500
     1.00000      0.23500
     1.40000      0.23500
     1.80000      0.18000
     2.20000      0.19000
     2.60000      0.24500
     3.00000      0.21500
     3.40000      0.18500
     3.80000      0.19500
     4.20000      0.19000
     4.60000      0.20500
     5.00000      0.11500
     5.40000      0.12000
     5.80000      0.15000
     6.20000      0.19500
     6.60000      0.22500
     7.00000      0.21000
     7.40000      0.25500
     7.80000      0.13500
     8.20000      0.12000
     8.60000      0.06000
     9.00000      0.01000
     9.40000      0.00000
     9.80000      0.00000
