    -9.80000      0.00000
    -9.40000      0.00500
    -9.00000      0.02000
    -8.60000      0.01500
    -8.20000      0.02000
    -7.80000      0.06000
    -7.40000      0.05000
    -7.00000      0.11500
    -6.60000      0.18500
    -6.20000      0.19000
    -5.80000      0.26500
    -5.40000      0.33500
    -5.00000      0.39000
    -4.60000      0.56500
    -4.20000      0.61500
    -3.80000      0.52000
    -3.40000      0.65000
    -3.00000      0.66500
    -2.60000      0.66000
    -2.20000      0.81000
    -1.80000      0.78000
    -1.40000      0.74000
    -1.00000      0.77500
    -0.60000      0.75000
    -0.20000      0.88000
     0.20000      0.73000
     0.60000      0.76500
     1.00000      0.86000
     1.40000      0.67000
     1.80000      0.71500
     2.20000      0.72500
     2.60000      0.79500
     3.00000      0.72000
     3.40000      0.74000
     3.80000      0.62000
     4.20000      0.44500
     4.60000      0.46000
     5.00000      0.39000
     5.40000      0.33500
     5.80000      0.31000
     6.20000      0.25000
     6.60000      0.12000
     7.00000      0.12000
     7.40000      0.10000
     7.80000      0.05000
     8.20000      0.03500
     8.60000      0.00500
     9.00000      0.00500
     9.40000      0.00000
     9.80000      0.00000
 after hadron evolution
    -9.80000      0.00000
    -9.40000      0.01500
    -9.00000      0.02500
    -8.60000      0.04000
    -8.20000      0.09500
    -7.80000      0.29500
    -7.40000      0.42000
    -7.00000      0.62500
    -6.60000      0.96500
    -6.20000      1.10000
    -5.80000      1.41000
    -5.40000      1.78500
    -5.00000      1.87500
    -4.60000      2.59500
    -4.20000      2.81000
    -3.80000      2.73500
    -3.40000      3.14500
    -3.00000      3.17000
    -2.60000      3.21500
    -2.20000      3.43000
    -1.80000      3.30500
    -1.40000      3.29500
    -1.00000      3.31000
    -0.60000      3.45500
    -0.20000      3.63500
     0.20000      3.46000
     0.60000      3.33500
     1.00000      3.60000
     1.40000      3.43500
     1.80000      3.46500
     2.20000      3.49500
     2.60000      3.33000
     3.00000      3.26000
     3.40000      3.12000
     3.80000      3.00500
     4.20000      2.45500
     4.60000      2.32500
     5.00000      2.01500
     5.40000      1.60000
     5.80000      1.54500
     6.20000      0.95500
     6.60000      0.77000
     7.00000      0.68000
     7.40000      0.52500
     7.80000      0.24000
     8.20000      0.10000
     8.60000      0.03500
     9.00000      0.01000
     9.40000      0.00500
     9.80000      0.00000
