    -9.80000      0.00000
    -9.40000      0.00000
    -9.00000      0.00000
    -8.60000      0.00500
    -8.20000      0.02500
    -7.80000      0.05500
    -7.40000      0.19500
    -7.00000      0.27500
    -6.60000      0.50000
    -6.20000      0.58000
    -5.80000      0.74000
    -5.40000      0.90500
    -5.00000      1.03000
    -4.60000      1.45500
    -4.20000      1.59000
    -3.80000      1.59000
    -3.40000      1.87000
    -3.00000      1.88000
    -2.60000      1.86500
    -2.20000      1.92000
    -1.80000      1.88000
    -1.40000      1.90500
    -1.00000      2.03000
    -0.60000      1.97000
    -0.20000      2.03500
     0.20000      1.93500
     0.60000      2.01000
     1.00000      1.93500
     1.40000      2.03000
     1.80000      2.01500
     2.20000      1.97000
     2.60000      1.87500
     3.00000      1.90500
     3.40000      1.90500
     3.80000      1.65000
     4.20000      1.41000
     4.60000      1.18000
     5.00000      1.03500
     5.40000      0.98000
     5.80000      0.69500
     6.20000      0.62500
     6.60000      0.44000
     7.00000      0.30500
     7.40000      0.14000
     7.80000      0.07000
     8.20000      0.03000
     8.60000      0.01000
     9.00000      0.00000
     9.40000      0.00000
     9.80000      0.00000
 after hadron evolution
    -9.80000      0.00000
    -9.40000      0.00000
    -9.00000      0.00000
    -8.60000      0.01500
    -8.20000      0.06000
    -7.80000      0.19500
    -7.40000      0.36500
    -7.00000      0.56500
    -6.60000      0.85000
    -6.20000      1.06000
    -5.80000      1.28500
    -5.40000      1.82500
    -5.00000      1.97500
    -4.60000      2.50000
    -4.20000      2.79500
    -3.80000      2.95500
    -3.40000      3.06500
    -3.00000      3.25500
    -2.60000      3.34500
    -2.20000      3.35500
    -1.80000      3.58500
    -1.40000      3.33000
    -1.00000      3.80500
    -0.60000      3.49000
    -0.20000      3.79000
     0.20000      3.89500
     0.60000      3.54500
     1.00000      3.63000
     1.40000      3.59000
     1.80000      3.37500
     2.20000      3.35000
     2.60000      3.33000
     3.00000      3.24500
     3.40000      3.28500
     3.80000      2.92500
     4.20000      2.56500
     4.60000      2.07000
     5.00000      1.90000
     5.40000      1.71000
     5.80000      1.32000
     6.20000      1.11000
     6.60000      0.79500
     7.00000      0.50000
     7.40000      0.32000
     7.80000      0.20500
     8.20000      0.07000
     8.60000      0.02000
     9.00000      0.00500
     9.40000      0.00000
     9.80000      0.00000
