    -9.80000      0.00000
    -9.40000      0.00000
    -9.00000      0.00000
    -8.60000      0.00000
    -8.20000      0.00000
    -7.80000      0.00500
    -7.40000      0.00500
    -7.00000      0.00500
    -6.60000      0.00500
    -6.20000      0.00500
    -5.80000      0.01000
    -5.40000      0.02500
    -5.00000      0.01000
    -4.60000      0.01500
    -4.20000      0.01500
    -3.80000      0.03500
    -3.40000      0.04500
    -3.00000      0.02000
    -2.60000      0.03500
    -2.20000      0.06000
    -1.80000      0.08500
    -1.40000      0.04500
    -1.00000      0.06500
    -0.60000      0.08000
    -0.20000      0.04500
     0.20000      0.06000
     0.60000      0.06000
     1.00000      0.05500
     1.40000      0.07000
     1.80000      0.06500
     2.20000      0.05000
     2.60000      0.07000
     3.00000      0.04500
     3.40000      0.03000
     3.80000      0.05000
     4.20000      0.02500
     4.60000      0.02500
     5.00000      0.05000
     5.40000      0.04000
     5.80000      0.01500
     6.20000      0.03000
     6.60000      0.00500
     7.00000      0.00500
     7.40000      0.00000
     7.80000      0.00000
     8.20000      0.00000
     8.60000      0.00000
     9.00000      0.00000
     9.40000      0.00000
     9.80000      0.00000
 after hadron evolution
    -9.80000      0.00000
    -9.40000      0.00000
    -9.00000      0.00000
    -8.60000      0.00000
    -8.20000      0.00000
    -7.80000      0.00500
    -7.40000      0.01000
    -7.00000      0.02500
    -6.60000      0.03000
    -6.20000      0.01500
    -5.80000      0.05000
    -5.40000      0.11500
    -5.00000      0.08000
    -4.60000      0.12000
    -4.20000      0.09000
    -3.80000      0.17000
    -3.40000      0.16000
    -3.00000      0.14000
    -2.60000      0.18000
    -2.20000      0.16500
    -1.80000      0.19000
    -1.40000      0.19000
    -1.00000      0.15500
    -0.60000      0.14500
    -0.20000      0.16000
     0.20000      0.17000
     0.60000      0.12000
     1.00000      0.16500
     1.40000      0.18000
     1.80000      0.21000
     2.20000      0.16500
     2.60000      0.22500
     3.00000      0.22000
     3.40000      0.19000
     3.80000      0.19500
     4.20000      0.12500
     4.60000      0.11000
     5.00000      0.10500
     5.40000      0.10000
     5.80000      0.07000
     6.20000      0.03500
     6.60000      0.02500
     7.00000      0.01000
     7.40000      0.00000
     7.80000      0.00000
     8.20000      0.00000
     8.60000      0.00000
     9.00000      0.00000
     9.40000      0.00000
     9.80000      0.00000
