    -9.80000      0.00000
    -9.40000      0.00000
    -9.00000      0.00000
    -8.60000      0.01000
    -8.20000      0.01000
    -7.80000      0.05500
    -7.40000      0.07000
    -7.00000      0.15500
    -6.60000      0.17500
    -6.20000      0.27500
    -5.80000      0.32500
    -5.40000      0.27000
    -5.00000      0.35500
    -4.60000      0.49000
    -4.20000      0.68000
    -3.80000      0.73000
    -3.40000      0.79000
    -3.00000      0.81500
    -2.60000      0.65000
    -2.20000      0.70500
    -1.80000      0.74500
    -1.40000      0.84000
    -1.00000      0.69500
    -0.60000      0.74500
    -0.20000      0.78000
     0.20000      0.84500
     0.60000      0.74000
     1.00000      0.69000
     1.40000      0.78000
     1.80000      0.84000
     2.20000      0.85500
     2.60000      0.72000
     3.00000      0.64500
     3.40000      0.75000
     3.80000      0.64500
     4.20000      0.53000
     4.60000      0.45500
     5.00000      0.37000
     5.40000      0.33500
     5.80000      0.26000
     6.20000      0.20500
     6.60000      0.20000
     7.00000      0.20500
     7.40000      0.14000
     7.80000      0.06500
     8.20000      0.02500
     8.60000      0.02000
     9.00000      0.00500
     9.40000      0.00000
     9.80000      0.00000
 after hadron evolution
    -9.80000      0.00000
    -9.40000      0.00000
    -9.00000      0.00500
    -8.60000      0.03500
    -8.20000      0.08000
    -7.80000      0.27000
    -7.40000      0.35500
    -7.00000      0.57000
    -6.60000      0.86500
    -6.20000      1.10500
    -5.80000      1.28000
    -5.40000      1.29500
    -5.00000      1.56000
    -4.60000      1.87000
    -4.20000      2.27000
    -3.80000      2.51000
    -3.40000      2.65000
    -3.00000      2.61000
    -2.60000      2.48500
    -2.20000      2.87000
    -1.80000      2.77000
    -1.40000      2.86500
    -1.00000      2.78000
    -0.60000      3.00000
    -0.20000      3.12500
     0.20000      2.93000
     0.60000      2.74000
     1.00000      2.77000
     1.40000      2.84500
     1.80000      2.89000
     2.20000      2.92500
     2.60000      2.59500
     3.00000      2.57500
     3.40000      2.54000
     3.80000      2.32000
     4.20000      2.07500
     4.60000      1.72500
     5.00000      1.58500
     5.40000      1.48500
     5.80000      1.01500
     6.20000      0.87500
     6.60000      0.80500
     7.00000      0.59500
     7.40000      0.47000
     7.80000      0.20000
     8.20000      0.11500
     8.60000      0.06000
     9.00000      0.00500
     9.40000      0.00000
     9.80000      0.00000
