 1 0 1 1  1.1202668
     0.560      0.000     1     3      0.000     0  2212
    -0.560      0.000    -1     3      0.000     0  2212
 2 0 1 1  1.51534402
     0.758      0.000     1     3      0.000     0  2212
    -0.758      0.000    -1     3      0.000     0  2212
 3 0 1 1  0.920014739
     0.460      0.000     1     3      0.000     0  2212
    -0.460      0.000    -1     3      0.000     0  2212
 4 0 1 1  1.28539336
     0.643      0.000     1     3      0.000     0  2212
    -0.643      0.000    -1     3      0.000     0  2212
 5 0 1 1  0.955524623
     0.478      0.000     1     2      0.000  2212  2212
    -0.478      0.000    -1     3      0.000     0  2212
 6 0 1 1  1.4657501
     0.733      0.000     1     3      0.000     0  2212
    -0.733      0.000    -1     3      0.000     0  2212
 7 0 1 1  0.598540962
     0.299      0.000     1     3      0.000     0  2212
    -0.299      0.000    -1     3      0.000     0  2212
 8 0 1 1  0.566040576
     0.283      0.000     1     3      0.000     0  2212
    -0.283      0.000    -1     3      0.000     0  2212
 9 0 1 1  2.10991812
     1.055      0.000     1     2      0.000  2212  2212
    -1.055      0.000    -1     3      0.000     0  2212
 10 0 1 1  2.11553288
     1.058      0.000     1     3      0.000     0  2212
    -1.058      0.000    -1     3      0.000     0  2212
 11 0 1 1  0.50568819
     0.253      0.000     1     3      0.000     0  2212
    -0.253      0.000    -1     3      0.000     0  2212
 12 0 1 1  1.11347413
     0.557      0.000     1     3      0.000     0  2212
    -0.557      0.000    -1     3      0.000     0  2212
 13 0 1 1  0.589826465
     0.295      0.000     1     3      0.000     0  2212
    -0.295      0.000    -1     3      0.000     0  2212
 14 0 1 1  1.09973717
     0.550      0.000     1     3      0.000     0  2212
    -0.550      0.000    -1     3      0.000     0  2212
 15 0 1 1  1.34035122
     0.670      0.000     1     3      0.000     0  2212
    -0.670      0.000    -1     3      0.000     0  2212
 16 0 1 1  1.38503134
     0.693      0.000     1     3      0.000     0  2212
    -0.693      0.000    -1     3      0.000     0  2212
 17 0 1 1  1.78256917
     0.891      0.000     1     3      0.000     0  2212
    -0.891      0.000    -1     3      0.000     0  2212
 18 0 1 1  0.177735448
     0.089      0.000     1     3      0.000     0  2212
    -0.089      0.000    -1     3      0.000     0  2212
 19 0 1 1  1.27358282
     0.637      0.000     1     3      0.000     0  2212
    -0.637      0.000    -1     3      0.000     0  2212
 20 0 1 1  1.72483742
     0.862      0.000     1     2      0.000  2212  2212
    -0.862      0.000    -1     3      0.000     0  2212
 21 0 1 1  1.29222906
     0.646      0.000     1     3      0.000     0  2212
    -0.646      0.000    -1     3      0.000     0  2212
 22 0 1 1  0.679476082
     0.340      0.000     1     3      0.000     0  2212
    -0.340      0.000    -1     3      0.000     0  2212
 23 0 1 1  0.732770562
     0.366      0.000     1     3      0.000     0  2212
    -0.366      0.000    -1     3      0.000     0  2212
 24 0 1 1  0.305395752
     0.153      0.000     1     3      0.000     0  2212
    -0.153      0.000    -1     3      0.000     0  2212
 25 0 1 1  1.40862095
     0.704      0.000     1     2      0.000  2212  2212
    -0.704      0.000    -1     3      0.000     0  2212
 26 0 1 1  0.838881433
     0.419      0.000     1     3      0.000     0  2212
    -0.419      0.000    -1     3      0.000     0  2212
 27 0 1 1  0.911995053
     0.456      0.000     1     3      0.000     0  2212
    -0.456      0.000    -1     3      0.000     0  2212
 28 0 1 1  1.18158424
     0.591      0.000     1     3      0.000     0  2212
    -0.591      0.000    -1     3      0.000     0  2212
 29 0 1 1  1.53348243
     0.767      0.000     1     3      0.000     0  2212
    -0.767      0.000    -1     3      0.000     0  2212
 30 0 1 1  1.03215814
     0.516      0.000     1     3      0.000     0  2212
    -0.516      0.000    -1     3      0.000     0  2212
 31 0 1 1  1.4248904
     0.712      0.000     1     3      0.000     0  2212
    -0.712      0.000    -1     3      0.000     0  2212
 32 0 1 1  0.931508005
     0.466      0.000     1     2      0.000  2212  2212
    -0.466      0.000    -1     3      0.000     0  2212
 33 0 1 1  1.56165612
     0.781      0.000     1     3      0.000     0  2212
    -0.781      0.000    -1     3      0.000     0  2212
 34 0 1 1  0.207964167
     0.104      0.000     1     3      0.000     0  2212
    -0.104      0.000    -1     3      0.000     0  2212
 35 0 1 1  1.74666333
     0.873      0.000     1     3      0.000     0  2212
    -0.873      0.000    -1     3      0.000     0  2212
 36 0 1 1  1.15119982
     0.576      0.000     1     3      0.000     0  2212
    -0.576      0.000    -1     3      0.000     0  2212
 37 0 1 1  1.54921079
     0.775      0.000     1     3      0.000     0  2212
    -0.775      0.000    -1     3      0.000     0  2212
 38 0 1 1  0.091318734
     0.046      0.000     1     3      0.000     0  2212
    -0.046      0.000    -1     3      0.000     0  2212
 39 0 1 1  0.620328128
     0.310      0.000     1     3      0.000     0  2212
    -0.310      0.000    -1     3      0.000     0  2212
 40 0 1 1  0.684434235
     0.342      0.000     1     3      0.000     0  2212
    -0.342      0.000    -1     3      0.000     0  2212
 41 0 1 1  1.59665394
     0.798      0.000     1     3      0.000     0  2212
    -0.798      0.000    -1     2      0.000  2212  2212
 42 0 1 1  1.07587254
     0.538      0.000     1     2      0.000  2212  2212
    -0.538      0.000    -1     3      0.000     0  2212
 43 0 1 1  1.39327168
     0.697      0.000     1     3      0.000     0  2212
    -0.697      0.000    -1     3      0.000     0  2212
 44 0 1 1  1.55487478
     0.777      0.000     1     3      0.000     0  2212
    -0.777      0.000    -1     2      0.000  2212  2212
 45 0 1 1  0.639405489
     0.320      0.000     1     3      0.000     0  2212
    -0.320      0.000    -1     3      0.000     0  2212
 46 0 1 1  0.685357511
     0.343      0.000     1     3      0.000     0  2212
    -0.343      0.000    -1     3      0.000     0  2212
 47 0 1 1  1.10552299
     0.553      0.000     1     3      0.000     0  2212
    -0.553      0.000    -1     2      0.000  2212  2212
 48 0 1 1  1.26524127
     0.633      0.000     1     2      0.000  2212  2212
    -0.633      0.000    -1     3      0.000     0  2212
 49 0 1 1  0.843064368
     0.422      0.000     1     3      0.000     0  2212
    -0.422      0.000    -1     3      0.000     0  2212
 50 0 1 1  1.78672886
     0.893      0.000     1     2      0.000  2212  2212
    -0.893      0.000    -1     3      0.000     0  2212
 51 0 1 1  1.05126595
     0.526      0.000     1     3      0.000     0  2212
    -0.526      0.000    -1     3      0.000     0  2212
 52 0 1 1  1.34732068
     0.674      0.000     1     3      0.000     0  2212
    -0.674      0.000    -1     2      0.000  2212  2212
 53 0 1 1  1.05585456
     0.528      0.000     1     3      0.000     0  2212
    -0.528      0.000    -1     3      0.000     0  2212
 54 0 1 1  1.34644163
     0.673      0.000     1     3      0.000     0  2212
    -0.673      0.000    -1     3      0.000     0  2212
 55 0 1 1  1.04930305
     0.525      0.000     1     3      0.000     0  2212
    -0.525      0.000    -1     3      0.000     0  2212
 56 0 1 1  1.23529506
     0.618      0.000     1     3      0.000     0  2212
    -0.618      0.000    -1     3      0.000     0  2212
 57 0 1 1  1.33793807
     0.669      0.000     1     3      0.000     0  2212
    -0.669      0.000    -1     3      0.000     0  2212
 58 0 1 1  0.820356488
     0.410      0.000     1     3      0.000     0  2212
    -0.410      0.000    -1     3      0.000     0  2212
 59 0 1 1  1.18794525
     0.594      0.000     1     3      0.000     0  2212
    -0.594      0.000    -1     3      0.000     0  2212
 60 0 1 1  1.01812363
     0.509      0.000     1     2      0.000  2212  2212
    -0.509      0.000    -1     3      0.000     0  2212
 61 0 1 1  1.67172229
     0.836      0.000     1     3      0.000     0  2212
    -0.836      0.000    -1     3      0.000     0  2212
 62 0 1 1  1.3628273
     0.681      0.000     1     2      0.000  2212  2212
    -0.681      0.000    -1     3      0.000     0  2212
 63 0 1 1  0.678013742
     0.339      0.000     1     3      0.000     0  2212
    -0.339      0.000    -1     3      0.000     0  2212
 64 0 1 1  0.0403639637
     0.020      0.000     1     3      0.000     0  2212
    -0.020      0.000    -1     3      0.000     0  2212
 65 0 1 1  0.939382613
     0.470      0.000     1     3      0.000     0  2212
    -0.470      0.000    -1     3      0.000     0  2212
 66 0 1 1  1.72773349
     0.864      0.000     1     3      0.000     0  2212
    -0.864      0.000    -1     2      0.000  2212  2212
 67 0 1 1  0.802003264
     0.401      0.000     1     3      0.000     0  2212
    -0.401      0.000    -1     3      0.000     0  2212
 68 0 1 1  1.75564325
     0.878      0.000     1     3      0.000     0  2212
    -0.878      0.000    -1     3      0.000     0  2212
 69 0 1 1  1.05091095
     0.525      0.000     1     3      0.000     0  2212
    -0.525      0.000    -1     3      0.000     0  2212
 70 0 1 1  1.03968906
     0.520      0.000     1     3      0.000     0  2212
    -0.520      0.000    -1     3      0.000     0  2212
 71 0 1 1  1.50323355
     0.752      0.000     1     2      0.000  2212  2212
    -0.752      0.000    -1     3      0.000     0  2212
 72 0 1 1  1.48278701
     0.741      0.000     1     3      0.000     0  2212
    -0.741      0.000    -1     3      0.000     0  2212
 73 0 1 1  1.70083976
     0.850      0.000     1     3      0.000     0  2212
    -0.850      0.000    -1     2      0.000  2212  2212
 74 0 1 1  1.70488513
     0.852      0.000     1     3      0.000     0  2212
    -0.852      0.000    -1     3      0.000     0  2212
 75 0 1 1  1.39958024
     0.700      0.000     1     3      0.000     0  2212
    -0.700      0.000    -1     3      0.000     0  2212
 76 0 1 1  1.48882425
     0.744      0.000     1     3      0.000     0  2212
    -0.744      0.000    -1     3      0.000     0  2212
 77 0 1 1  0.625055015
     0.313      0.000     1     3      0.000     0  2212
    -0.313      0.000    -1     3      0.000     0  2212
 78 0 1 1  1.20170677
     0.601      0.000     1     3      0.000     0  2212
    -0.601      0.000    -1     3      0.000     0  2212
 79 0 1 1  1.285151
     0.643      0.000     1     3      0.000     0  2212
    -0.643      0.000    -1     3      0.000     0  2212
 80 0 1 1  2.1800909
     1.090      0.000     1     3      0.000     0  2212
    -1.090      0.000    -1     3      0.000     0  2212
 81 0 1 1  1.75969708
     0.880      0.000     1     3      0.000     0  2212
    -0.880      0.000    -1     3      0.000     0  2212
 82 0 1 1  1.17904484
     0.590      0.000     1     3      0.000     0  2212
    -0.590      0.000    -1     3      0.000     0  2212
 83 0 1 1  1.17739058
     0.589      0.000     1     3      0.000     0  2212
    -0.589      0.000    -1     3      0.000     0  2212
 84 0 1 1  0.832471907
     0.416      0.000     1     3      0.000     0  2212
    -0.416      0.000    -1     3      0.000     0  2212
 85 0 1 1  1.61857402
     0.809      0.000     1     3      0.000     0  2212
    -0.809      0.000    -1     3      0.000     0  2212
 86 0 1 1  0.628357053
     0.314      0.000     1     3      0.000     0  2212
    -0.314      0.000    -1     3      0.000     0  2212
 87 0 1 1  0.987159967
     0.494      0.000     1     3      0.000     0  2212
    -0.494      0.000    -1     2      0.000  2212  2212
 88 0 1 1  1.63662899
     0.818      0.000     1     3      0.000     0  2212
    -0.818      0.000    -1     3      0.000     0  2212
 89 0 1 1  0.414558142
     0.207      0.000     1     3      0.000     0  2212
    -0.207      0.000    -1     3      0.000     0  2212
 90 0 1 1  0.423217446
     0.212      0.000     1     3      0.000     0  2212
    -0.212      0.000    -1     3      0.000     0  2212
 91 0 1 1  0.516196489
     0.258      0.000     1     3      0.000     0  2212
    -0.258      0.000    -1     3      0.000     0  2212
 92 0 1 1  1.40321887
     0.702      0.000     1     3      0.000     0  2212
    -0.702      0.000    -1     2      0.000  2212  2212
 93 0 1 1  1.1933701
     0.597      0.000     1     3      0.000     0  2212
    -0.597      0.000    -1     3      0.000     0  2212
 94 0 1 1  0.842048228
     0.421      0.000     1     3      0.000     0  2212
    -0.421      0.000    -1     3      0.000     0  2212
 95 0 1 1  1.01871824
     0.509      0.000     1     3      0.000     0  2212
    -0.509      0.000    -1     3      0.000     0  2212
 96 0 1 1  1.26534927
     0.633      0.000     1     3      0.000     0  2212
    -0.633      0.000    -1     3      0.000     0  2212
 97 0 1 1  1.23548853
     0.618      0.000     1     3      0.000     0  2212
    -0.618      0.000    -1     3      0.000     0  2212
 98 0 1 1  1.25391185
     0.627      0.000     1     2      0.000  2212  2212
    -0.627      0.000    -1     3      0.000     0  2212
 99 0 1 1  2.01510072
     1.008      0.000     1     2      0.000  2212  2212
    -1.008      0.000    -1     3      0.000     0  2212
 100 0 1 1  0.386383355
     0.193      0.000     1     3      0.000     0  2212
    -0.193      0.000    -1     3      0.000     0  2212
 101 0 1 1  1.40187144
     0.701      0.000     1     3      0.000     0  2212
    -0.701      0.000    -1     3      0.000     0  2212
 102 0 1 1  1.32687342
     0.663      0.000     1     2      0.000  2212  2212
    -0.663      0.000    -1     3      0.000     0  2212
 103 0 1 1  0.704311728
     0.352      0.000     1     3      0.000     0  2212
    -0.352      0.000    -1     3      0.000     0  2212
 104 0 1 1  1.26601291
     0.633      0.000     1     3      0.000     0  2212
    -0.633      0.000    -1     3      0.000     0  2212
 105 0 1 1  1.56010318
     0.780      0.000     1     3      0.000     0  2212
    -0.780      0.000    -1     3      0.000     0  2212
 106 0 1 1  1.49955308
     0.750      0.000     1     3      0.000     0  2212
    -0.750      0.000    -1     3      0.000     0  2212
 107 0 1 1  0.979435444
     0.490      0.000     1     3      0.000     0  2212
    -0.490      0.000    -1     3      0.000     0  2212
 108 0 1 1  1.1318239
     0.566      0.000     1     3      0.000     0  2212
    -0.566      0.000    -1     3      0.000     0  2212
 109 0 1 1  0.578819096
     0.289      0.000     1     3      0.000     0  2212
    -0.289      0.000    -1     3      0.000     0  2212
 110 0 1 1  1.01655996
     0.508      0.000     1     3      0.000     0  2212
    -0.508      0.000    -1     3      0.000     0  2212
 111 0 1 1  0.32325539
     0.162      0.000     1     3      0.000     0  2212
    -0.162      0.000    -1     3      0.000     0  2212
 112 0 1 1  1.35323763
     0.677      0.000     1     3      0.000     0  2212
    -0.677      0.000    -1     2      0.000  2212  2212
 113 0 1 1  0.577432096
     0.289      0.000     1     3      0.000     0  2212
    -0.289      0.000    -1     3      0.000     0  2212
 114 0 1 1  1.86108077
     0.931      0.000     1     3      0.000     0  2212
    -0.931      0.000    -1     2      0.000  2212  2212
 115 0 1 1  0.340601385
     0.170      0.000     1     3      0.000     0  2212
    -0.170      0.000    -1     3      0.000     0  2212
 116 0 1 1  1.216676
     0.608      0.000     1     3      0.000     0  2212
    -0.608      0.000    -1     3      0.000     0  2212
 117 0 1 1  0.359257609
     0.180      0.000     1     3      0.000     0  2212
    -0.180      0.000    -1     3      0.000     0  2212
 118 0 1 1  1.62989616
     0.815      0.000     1     3      0.000     0  2212
    -0.815      0.000    -1     3      0.000     0  2212
 119 0 1 1  0.464663357
     0.232      0.000     1     3      0.000     0  2212
    -0.232      0.000    -1     3      0.000     0  2212
 120 0 1 1  0.477465242
     0.239      0.000     1     3      0.000     0  2212
    -0.239      0.000    -1     3      0.000     0  2212
 121 0 1 1  1.21233797
     0.606      0.000     1     3      0.000     0  2212
    -0.606      0.000    -1     3      0.000     0  2212
 122 0 1 1  1.25301158
     0.627      0.000     1     3      0.000     0  2212
    -0.627      0.000    -1     3      0.000     0  2212
 123 0 1 1  1.5213567
     0.761      0.000     1     3      0.000     0  2212
    -0.761      0.000    -1     3      0.000     0  2212
 124 0 1 1  1.17979538
     0.590      0.000     1     3      0.000     0  2212
    -0.590      0.000    -1     3      0.000     0  2212
 125 0 1 1  1.09743559
     0.549      0.000     1     3      0.000     0  2212
    -0.549      0.000    -1     3      0.000     0  2212
 126 0 1 1  0.294003487
     0.147      0.000     1     3      0.000     0  2212
    -0.147      0.000    -1     3      0.000     0  2212
 127 0 1 1  1.64515924
     0.823      0.000     1     3      0.000     0  2212
    -0.823      0.000    -1     3      0.000     0  2212
 128 0 1 1  1.78335416
     0.892      0.000     1     3      0.000     0  2212
    -0.892      0.000    -1     3      0.000     0  2212
 129 0 1 1  1.28640795
     0.643      0.000     1     3      0.000     0  2212
    -0.643      0.000    -1     2      0.000  2212  2212
 130 0 1 1  0.673033118
     0.337      0.000     1     3      0.000     0  2212
    -0.337      0.000    -1     3      0.000     0  2212
 131 0 1 1  0.423572987
     0.212      0.000     1     3      0.000     0  2212
    -0.212      0.000    -1     3      0.000     0  2212
 132 0 1 1  1.02740133
     0.514      0.000     1     2      0.000  2212  2212
    -0.514      0.000    -1     3      0.000     0  2212
 133 0 1 1  1.37632966
     0.688      0.000     1     3      0.000     0  2212
    -0.688      0.000    -1     3      0.000     0  2212
 134 0 1 1  1.10846317
     0.554      0.000     1     3      0.000     0  2212
    -0.554      0.000    -1     2      0.000  2212  2212
 135 0 1 1  2.12036705
     1.060      0.000     1     3      0.000     0  2212
    -1.060      0.000    -1     2      0.000  2212  2212
 136 0 1 1  1.45510435
     0.728      0.000     1     3      0.000     0  2212
    -0.728      0.000    -1     3      0.000     0  2212
 137 0 1 1  1.71240973
     0.856      0.000     1     2      0.000  2212  2212
    -0.856      0.000    -1     3      0.000     0  2212
 138 0 1 1  1.39147687
     0.696      0.000     1     2      0.000  2212  2212
    -0.696      0.000    -1     3      0.000     0  2212
 139 0 1 1  1.14163721
     0.571      0.000     1     3      0.000     0  2212
    -0.571      0.000    -1     3      0.000     0  2212
 140 0 1 1  0.585372686
     0.293      0.000     1     3      0.000     0  2212
    -0.293      0.000    -1     3      0.000     0  2212
 141 0 1 1  1.0818193
     0.541      0.000     1     3      0.000     0  2212
    -0.541      0.000    -1     3      0.000     0  2212
 142 0 1 1  0.460070223
     0.230      0.000     1     3      0.000     0  2212
    -0.230      0.000    -1     3      0.000     0  2212
 143 0 1 1  0.770624399
     0.385      0.000     1     3      0.000     0  2212
    -0.385      0.000    -1     3      0.000     0  2212
 144 0 1 1  1.94838369
     0.974      0.000     1     2      0.000  2212  2212
    -0.974      0.000    -1     3      0.000     0  2212
 145 0 1 1  1.3439554
     0.672      0.000     1     3      0.000     0  2212
    -0.672      0.000    -1     3      0.000     0  2212
 146 0 1 1  0.989426255
     0.495      0.000     1     3      0.000     0  2212
    -0.495      0.000    -1     3      0.000     0  2212
 147 0 1 1  0.86347878
     0.432      0.000     1     3      0.000     0  2212
    -0.432      0.000    -1     3      0.000     0  2212
 148 0 1 1  0.229790807
     0.115      0.000     1     3      0.000     0  2212
    -0.115      0.000    -1     2      0.000  2212  2212
 149 0 1 1  1.48015785
     0.740      0.000     1     3      0.000     0  2212
    -0.740      0.000    -1     3      0.000     0  2212
 150 0 1 1  1.37959981
     0.690      0.000     1     2      0.000  2212  2212
    -0.690      0.000    -1     3      0.000     0  2212
 151 0 1 1  1.43239701
     0.716      0.000     1     3      0.000     0  2212
    -0.716      0.000    -1     3      0.000     0  2212
 152 0 1 1  1.6137768
     0.807      0.000     1     2      0.000  2212  2212
    -0.807      0.000    -1     3      0.000     0  2212
 153 0 1 1  1.99309599
     0.997      0.000     1     2      0.000  2212  2212
    -0.997      0.000    -1     3      0.000     0  2212
 154 0 1 1  0.554383934
     0.277      0.000     1     3      0.000     0  2212
    -0.277      0.000    -1     3      0.000     0  2212
 155 0 1 1  1.2052995
     0.603      0.000     1     3      0.000     0  2212
    -0.603      0.000    -1     3      0.000     0  2212
 156 0 1 1  0.631826997
     0.316      0.000     1     3      0.000     0  2212
    -0.316      0.000    -1     3      0.000     0  2212
 157 0 1 1  1.06503665
     0.533      0.000     1     2      0.000  2212  2212
    -0.533      0.000    -1     3      0.000     0  2212
 158 0 1 1  1.19524896
     0.598      0.000     1     2      0.000  2212  2212
    -0.598      0.000    -1     3      0.000     0  2212
 159 0 1 1  0.956376314
     0.478      0.000     1     3      0.000     0  2212
    -0.478      0.000    -1     3      0.000     0  2212
 160 0 1 1  0.947556674
     0.474      0.000     1     3      0.000     0  2212
    -0.474      0.000    -1     3      0.000     0  2212
 161 0 1 1  1.05356467
     0.527      0.000     1     2      0.000  2212  2212
    -0.527      0.000    -1     3      0.000     0  2212
 162 0 1 1  1.35964274
     0.680      0.000     1     3      0.000     0  2212
    -0.680      0.000    -1     2      0.000  2212  2212
 163 0 1 1  1.34060526
     0.670      0.000     1     3      0.000     0  2212
    -0.670      0.000    -1     3      0.000     0  2212
 164 0 1 1  1.42034566
     0.710      0.000     1     3      0.000     0  2212
    -0.710      0.000    -1     3      0.000     0  2212
 165 0 1 1  1.38153422
     0.691      0.000     1     3      0.000     0  2212
    -0.691      0.000    -1     3      0.000     0  2212
 166 0 1 1  0.756814659
     0.378      0.000     1     3      0.000     0  2212
    -0.378      0.000    -1     3      0.000     0  2212
 167 0 1 1  1.38112068
     0.691      0.000     1     3      0.000     0  2212
    -0.691      0.000    -1     3      0.000     0  2212
 168 0 1 1  1.37037778
     0.685      0.000     1     3      0.000     0  2212
    -0.685      0.000    -1     3      0.000     0  2212
 169 0 1 1  1.64238906
     0.821      0.000     1     3      0.000     0  2212
    -0.821      0.000    -1     3      0.000     0  2212
 170 0 1 1  2.35358763
     1.177      0.000     1     2      0.000  2212  2212
    -1.177      0.000    -1     3      0.000     0  2212
 171 0 1 1  1.65124345
     0.826      0.000     1     3      0.000     0  2212
    -0.826      0.000    -1     3      0.000     0  2212
 172 0 1 1  1.47615969
     0.738      0.000     1     3      0.000     0  2212
    -0.738      0.000    -1     3      0.000     0  2212
 173 0 1 1  0.181163907
     0.091      0.000     1     3      0.000     0  2212
    -0.091      0.000    -1     3      0.000     0  2212
 174 0 1 1  1.27550209
     0.638      0.000     1     3      0.000     0  2212
    -0.638      0.000    -1     2      0.000  2212  2212
 175 0 1 1  1.4922961
     0.746      0.000     1     3      0.000     0  2212
    -0.746      0.000    -1     3      0.000     0  2212
 176 0 1 1  1.56895423
     0.784      0.000     1     3      0.000     0  2212
    -0.784      0.000    -1     3      0.000     0  2212
 177 0 1 1  1.01687682
     0.508      0.000     1     3      0.000     0  2212
    -0.508      0.000    -1     3      0.000     0  2212
 178 0 1 1  1.27016807
     0.635      0.000     1     3      0.000     0  2212
    -0.635      0.000    -1     3      0.000     0  2212
 179 0 1 1  0.291481405
     0.146      0.000     1     3      0.000     0  2212
    -0.146      0.000    -1     3      0.000     0  2212
 180 0 1 1  1.70953572
     0.855      0.000     1     3      0.000     0  2212
    -0.855      0.000    -1     2      0.000  2212  2212
 181 0 1 1  0.814304352
     0.407      0.000     1     2      0.000  2212  2212
    -0.407      0.000    -1     3      0.000     0  2212
 182 0 1 1  0.929385185
     0.465      0.000     1     3      0.000     0  2212
    -0.465      0.000    -1     3      0.000     0  2212
 183 0 1 1  1.0583564
     0.529      0.000     1     3      0.000     0  2212
    -0.529      0.000    -1     3      0.000     0  2212
 184 0 1 1  0.855285704
     0.428      0.000     1     3      0.000     0  2212
    -0.428      0.000    -1     3      0.000     0  2212
 185 0 1 1  1.10183287
     0.551      0.000     1     3      0.000     0  2212
    -0.551      0.000    -1     3      0.000     0  2212
 186 0 1 1  1.2499336
     0.625      0.000     1     3      0.000     0  2212
    -0.625      0.000    -1     3      0.000     0  2212
 187 0 1 1  0.245060295
     0.123      0.000     1     3      0.000     0  2212
    -0.123      0.000    -1     3      0.000     0  2212
 188 0 1 1  0.657690585
     0.329      0.000     1     3      0.000     0  2212
    -0.329      0.000    -1     3      0.000     0  2212
 189 0 1 1  1.17692733
     0.588      0.000     1     3      0.000     0  2212
    -0.588      0.000    -1     3      0.000     0  2212
 190 0 1 1  0.905955732
     0.453      0.000     1     3      0.000     0  2212
    -0.453      0.000    -1     3      0.000     0  2212
 191 0 1 1  0.740484178
     0.370      0.000     1     3      0.000     0  2212
    -0.370      0.000    -1     3      0.000     0  2212
 192 0 1 1  1.51063275
     0.755      0.000     1     3      0.000     0  2212
    -0.755      0.000    -1     3      0.000     0  2212
 193 0 1 1  1.3910439
     0.696      0.000     1     2      0.000  2212  2212
    -0.696      0.000    -1     3      0.000     0  2212
 194 0 1 1  0.137740821
     0.069      0.000     1     3      0.000     0  2212
    -0.069      0.000    -1     3      0.000     0  2212
 195 0 1 1  0.764309943
     0.382      0.000     1     3      0.000     0  2212
    -0.382      0.000    -1     3      0.000     0  2212
 196 0 1 1  1.16705656
     0.584      0.000     1     3      0.000     0  2212
    -0.584      0.000    -1     3      0.000     0  2212
 197 0 1 1  2.15640092
     1.078      0.000     1     2      0.000  2212  2212
    -1.078      0.000    -1     3      0.000     0  2212
 198 0 1 1  1.02789664
     0.514      0.000     1     3      0.000     0  2212
    -0.514      0.000    -1     3      0.000     0  2212
 199 0 1 1  0.266737163
     0.133      0.000     1     3      0.000     0  2212
    -0.133      0.000    -1     3      0.000     0  2212
 200 0 1 1  0.0186205767
     0.009      0.000     1     3      0.000     0  2212
    -0.009      0.000    -1     3      0.000     0  2212
 201 0 1 1  1.65849066
     0.829      0.000     1     3      0.000     0  2212
    -0.829      0.000    -1     2      0.000  2212  2212
 202 0 1 1  0.662723601
     0.331      0.000     1     3      0.000     0  2212
    -0.331      0.000    -1     3      0.000     0  2212
 203 0 1 1  2.12093949
     1.060      0.000     1     3      0.000     0  2212
    -1.060      0.000    -1     3      0.000     0  2212
 204 0 1 1  2.07492638
     1.037      0.000     1     3      0.000     0  2212
    -1.037      0.000    -1     2      0.000  2212  2212
 205 0 1 1  1.41063941
     0.705      0.000     1     2      0.000  2212  2212
    -0.705      0.000    -1     3      0.000     0  2212
 206 0 1 1  1.77281106
     0.886      0.000     1     3      0.000     0  2212
    -0.886      0.000    -1     3      0.000     0  2212
 207 0 1 1  1.78887784
     0.894      0.000     1     3      0.000     0  2212
    -0.894      0.000    -1     3      0.000     0  2212
 208 0 1 1  0.841672122
     0.421      0.000     1     3      0.000     0  2212
    -0.421      0.000    -1     3      0.000     0  2212
 209 0 1 1  2.1190002
     1.060      0.000     1     3      0.000     0  2212
    -1.060      0.000    -1     3      0.000     0  2212
 210 0 1 1  1.4370991
     0.719      0.000     1     3      0.000     0  2212
    -0.719      0.000    -1     3      0.000     0  2212
 211 0 1 1  1.31847179
     0.659      0.000     1     3      0.000     0  2212
    -0.659      0.000    -1     3      0.000     0  2212
 212 0 1 1  1.41967547
     0.710      0.000     1     2      0.000  2212  2212
    -0.710      0.000    -1     3      0.000     0  2212
 213 0 1 1  1.36335754
     0.682      0.000     1     3      0.000     0  2212
    -0.682      0.000    -1     2      0.000  2212  2212
 214 0 1 1  2.1151917
     1.058      0.000     1     3      0.000     0  2212
    -1.058      0.000    -1     3      0.000     0  2212
 215 0 1 1  1.01995528
     0.510      0.000     1     3      0.000     0  2212
    -0.510      0.000    -1     3      0.000     0  2212
 216 0 1 1  1.8465364
     0.923      0.000     1     3      0.000     0  2212
    -0.923      0.000    -1     3      0.000     0  2212
 217 0 1 1  2.14466166
     1.072      0.000     1     3      0.000     0  2212
    -1.072      0.000    -1     2      0.000  2212  2212
 218 0 1 1  2.1355083
     1.068      0.000     1     3      0.000     0  2212
    -1.068      0.000    -1     3      0.000     0  2212
 219 0 1 1  1.14662957
     0.573      0.000     1     3      0.000     0  2212
    -0.573      0.000    -1     2      0.000  2212  2212
 220 0 1 1  1.70592332
     0.853      0.000     1     2      0.000  2212  2212
    -0.853      0.000    -1     3      0.000     0  2212
 221 0 1 1  0.874966264
     0.437      0.000     1     2      0.000  2212  2212
    -0.437      0.000    -1     3      0.000     0  2212
 222 0 1 1  1.35360098
     0.677      0.000     1     3      0.000     0  2212
    -0.677      0.000    -1     3      0.000     0  2212
 223 0 1 1  0.932535648
     0.466      0.000     1     3      0.000     0  2212
    -0.466      0.000    -1     2      0.000  2212  2212
 224 0 1 1  1.68502367
     0.843      0.000     1     3      0.000     0  2212
    -0.843      0.000    -1     2      0.000  2212  2212
 225 0 1 1  0.819370985
     0.410      0.000     1     3      0.000     0  2212
    -0.410      0.000    -1     3      0.000     0  2212
 226 0 1 1  0.343839139
     0.172      0.000     1     3      0.000     0  2212
    -0.172      0.000    -1     3      0.000     0  2212
 227 0 1 1  0.195209235
     0.098      0.000     1     3      0.000     0  2212
    -0.098      0.000    -1     3      0.000     0  2212
 228 0 1 1  0.149501801
     0.075      0.000     1     3      0.000     0  2212
    -0.075      0.000    -1     3      0.000     0  2212
 229 0 1 1  1.36926377
     0.685      0.000     1     3      0.000     0  2212
    -0.685      0.000    -1     3      0.000     0  2212
 230 0 1 1  1.33089566
     0.665      0.000     1     3      0.000     0  2212
    -0.665      0.000    -1     3      0.000     0  2212
 231 0 1 1  1.31311178
     0.657      0.000     1     3      0.000     0  2212
    -0.657      0.000    -1     3      0.000     0  2212
 232 0 1 1  1.63407624
     0.817      0.000     1     3      0.000     0  2212
    -0.817      0.000    -1     3      0.000     0  2212
 233 0 1 1  1.25369275
     0.627      0.000     1     3      0.000     0  2212
    -0.627      0.000    -1     3      0.000     0  2212
 234 0 1 1  0.581961453
     0.291      0.000     1     3      0.000     0  2212
    -0.291      0.000    -1     3      0.000     0  2212
 235 0 1 1  1.09712851
     0.549      0.000     1     2      0.000  2212  2212
    -0.549      0.000    -1     3      0.000     0  2212
 236 0 1 1  1.4435153
     0.722      0.000     1     3      0.000     0  2212
    -0.722      0.000    -1     3      0.000     0  2212
 237 0 1 1  0.960618675
     0.480      0.000     1     3      0.000     0  2212
    -0.480      0.000    -1     3      0.000     0  2212
 238 0 1 1  0.45064503
     0.225      0.000     1     3      0.000     0  2212
    -0.225      0.000    -1     3      0.000     0  2212
 239 0 1 1  0.929697394
     0.465      0.000     1     3      0.000     0  2212
    -0.465      0.000    -1     3      0.000     0  2212
 240 0 1 1  0.689279377
     0.345      0.000     1     3      0.000     0  2212
    -0.345      0.000    -1     3      0.000     0  2212
 241 0 1 1  1.15005541
     0.575      0.000     1     3      0.000     0  2212
    -0.575      0.000    -1     2      0.000  2212  2212
 242 0 1 1  1.02304685
     0.512      0.000     1     3      0.000     0  2212
    -0.512      0.000    -1     2      0.000  2212  2212
 243 0 1 1  1.6680249
     0.834      0.000     1     3      0.000     0  2212
    -0.834      0.000    -1     3      0.000     0  2212
 244 0 1 1  1.36066508
     0.680      0.000     1     3      0.000     0  2212
    -0.680      0.000    -1     2      0.000  2212  2212
 245 0 1 1  0.376622856
     0.188      0.000     1     3      0.000     0  2212
    -0.188      0.000    -1     3      0.000     0  2212
 246 0 1 1  0.619843304
     0.310      0.000     1     3      0.000     0  2212
    -0.310      0.000    -1     3      0.000     0  2212
 247 0 1 1  0.747468054
     0.374      0.000     1     3      0.000     0  2212
    -0.374      0.000    -1     3      0.000     0  2212
 248 0 1 1  1.33235598
     0.666      0.000     1     3      0.000     0  2212
    -0.666      0.000    -1     3      0.000     0  2212
 249 0 1 1  1.83453333
     0.917      0.000     1     3      0.000     0  2212
    -0.917      0.000    -1     2      0.000  2212  2212
 250 0 1 1  0.648030698
     0.324      0.000     1     3      0.000     0  2212
    -0.324      0.000    -1     3      0.000     0  2212
 251 0 1 1  0.724312067
     0.362      0.000     1     3      0.000     0  2212
    -0.362      0.000    -1     3      0.000     0  2212
 252 0 1 1  1.7401098
     0.870      0.000     1     3      0.000     0  2212
    -0.870      0.000    -1     3      0.000     0  2212
 253 0 1 1  1.65848207
     0.829      0.000     1     3      0.000     0  2212
    -0.829      0.000    -1     2      0.000  2212  2212
 254 0 1 1  1.04808939
     0.524      0.000     1     3      0.000     0  2212
    -0.524      0.000    -1     3      0.000     0  2212
 255 0 1 1  2.16194892
     1.081      0.000     1     3      0.000     0  2212
    -1.081      0.000    -1     3      0.000     0  2212
 256 0 1 1  0.998998344
     0.499      0.000     1     3      0.000     0  2212
    -0.499      0.000    -1     3      0.000     0  2212
 257 0 1 1  1.42861259
     0.714      0.000     1     2      0.000  2212  2212
    -0.714      0.000    -1     3      0.000     0  2212
 258 0 1 1  1.62415206
     0.812      0.000     1     3      0.000     0  2212
    -0.812      0.000    -1     3      0.000     0  2212
 259 0 1 1  1.08267212
     0.541      0.000     1     3      0.000     0  2212
    -0.541      0.000    -1     3      0.000     0  2212
 260 0 1 1  2.02329922
     1.012      0.000     1     3      0.000     0  2212
    -1.012      0.000    -1     3      0.000     0  2212
 261 0 1 1  0.921883821
     0.461      0.000     1     3      0.000     0  2212
    -0.461      0.000    -1     3      0.000     0  2212
 262 0 1 1  0.84884584
     0.424      0.000     1     3      0.000     0  2212
    -0.424      0.000    -1     3      0.000     0  2212
 263 0 1 1  1.06182742
     0.531      0.000     1     3      0.000     0  2212
    -0.531      0.000    -1     3      0.000     0  2212
 264 0 1 1  1.50003088
     0.750      0.000     1     3      0.000     0  2212
    -0.750      0.000    -1     3      0.000     0  2212
 265 0 1 1  1.57729828
     0.789      0.000     1     3      0.000     0  2212
    -0.789      0.000    -1     3      0.000     0  2212
 266 0 1 1  0.317204386
     0.159      0.000     1     3      0.000     0  2212
    -0.159      0.000    -1     3      0.000     0  2212
 267 0 1 1  1.94006586
     0.970      0.000     1     3      0.000     0  2212
    -0.970      0.000    -1     3      0.000     0  2212
 268 0 1 1  0.800621271
     0.400      0.000     1     3      0.000     0  2212
    -0.400      0.000    -1     3      0.000     0  2212
 269 0 1 1  0.981101155
     0.491      0.000     1     3      0.000     0  2212
    -0.491      0.000    -1     3      0.000     0  2212
 270 0 1 1  0.971027792
     0.486      0.000     1     3      0.000     0  2212
    -0.486      0.000    -1     2      0.000  2212  2212
 271 0 1 1  1.98370814
     0.992      0.000     1     3      0.000     0  2212
    -0.992      0.000    -1     2      0.000  2212  2212
 272 0 1 1  2.06127262
     1.031      0.000     1     2      0.000  2212  2212
    -1.031      0.000    -1     3      0.000     0  2212
 273 0 1 1  0.554156244
     0.277      0.000     1     3      0.000     0  2212
    -0.277      0.000    -1     3      0.000     0  2212
 274 0 1 1  0.730520785
     0.365      0.000     1     3      0.000     0  2212
    -0.365      0.000    -1     3      0.000     0  2212
 275 0 1 1  0.97470516
     0.487      0.000     1     3      0.000     0  2212
    -0.487      0.000    -1     3      0.000     0  2212
 276 0 1 1  1.0988903
     0.549      0.000     1     3      0.000     0  2212
    -0.549      0.000    -1     3      0.000     0  2212
 277 0 1 1  1.20691919
     0.603      0.000     1     3      0.000     0  2212
    -0.603      0.000    -1     3      0.000     0  2212
 278 0 1 1  0.757856965
     0.379      0.000     1     3      0.000     0  2212
    -0.379      0.000    -1     3      0.000     0  2212
 279 0 1 1  1.30948722
     0.655      0.000     1     3      0.000     0  2212
    -0.655      0.000    -1     3      0.000     0  2212
 280 0 1 1  1.37082589
     0.685      0.000     1     2      0.000  2212  2212
    -0.685      0.000    -1     3      0.000     0  2212
 281 0 1 1  1.37441015
     0.687      0.000     1     3      0.000     0  2212
    -0.687      0.000    -1     3      0.000     0  2212
 282 0 1 1  0.874400735
     0.437      0.000     1     3      0.000     0  2212
    -0.437      0.000    -1     3      0.000     0  2212
 283 0 1 1  1.55768573
     0.779      0.000     1     2      0.000  2212  2212
    -0.779      0.000    -1     3      0.000     0  2212
 284 0 1 1  1.25690901
     0.628      0.000     1     2      0.000  2212  2212
    -0.628      0.000    -1     3      0.000     0  2212
 285 0 1 1  1.17408788
     0.587      0.000     1     2      0.000  2212  2212
    -0.587      0.000    -1     3      0.000     0  2212
 286 0 1 1  0.4871234
     0.244      0.000     1     3      0.000     0  2212
    -0.244      0.000    -1     3      0.000     0  2212
 287 0 1 1  1.07577455
     0.538      0.000     1     3      0.000     0  2212
    -0.538      0.000    -1     3      0.000     0  2212
 288 0 1 1  1.39794433
     0.699      0.000     1     3      0.000     0  2212
    -0.699      0.000    -1     3      0.000     0  2212
 289 0 1 1  2.30506325
     1.153      0.000     1     3      0.000     0  2212
    -1.153      0.000    -1     3      0.000     0  2212
 290 0 1 1  0.95383203
     0.477      0.000     1     3      0.000     0  2212
    -0.477      0.000    -1     3      0.000     0  2212
 291 0 1 1  1.06488454
     0.532      0.000     1     3      0.000     0  2212
    -0.532      0.000    -1     3      0.000     0  2212
 292 0 1 1  1.58399796
     0.792      0.000     1     3      0.000     0  2212
    -0.792      0.000    -1     3      0.000     0  2212
 293 0 1 1  2.00807166
     1.004      0.000     1     3      0.000     0  2212
    -1.004      0.000    -1     3      0.000     0  2212
 294 0 1 1  2.25723767
     1.129      0.000     1     3      0.000     0  2212
    -1.129      0.000    -1     2      0.000  2212  2212
 295 0 1 1  1.08686554
     0.543      0.000     1     3      0.000     0  2212
    -0.543      0.000    -1     3      0.000     0  2212
 296 0 1 1  0.299758226
     0.150      0.000     1     3      0.000     0  2212
    -0.150      0.000    -1     3      0.000     0  2212
 297 0 1 1  0.821799159
     0.411      0.000     1     3      0.000     0  2212
    -0.411      0.000    -1     3      0.000     0  2212
 298 0 1 1  1.50681198
     0.753      0.000     1     3      0.000     0  2212
    -0.753      0.000    -1     3      0.000     0  2212
 299 0 1 1  1.03817284
     0.519      0.000     1     3      0.000     0  2212
    -0.519      0.000    -1     3      0.000     0  2212
 300 0 1 1  0.572623849
     0.286      0.000     1     3      0.000     0  2212
    -0.286      0.000    -1     3      0.000     0  2212
 301 0 1 1  1.63987136
     0.820      0.000     1     3      0.000     0  2212
    -0.820      0.000    -1     3      0.000     0  2212
 302 0 1 1  1.12366438
     0.562      0.000     1     3      0.000     0  2212
    -0.562      0.000    -1     3      0.000     0  2212
 303 0 1 1  0.535098791
     0.268      0.000     1     3      0.000     0  2212
    -0.268      0.000    -1     3      0.000     0  2212
 304 0 1 1  1.48083377
     0.740      0.000     1     3      0.000     0  2212
    -0.740      0.000    -1     3      0.000     0  2212
 305 0 1 1  0.606869161
     0.303      0.000     1     3      0.000     0  2212
    -0.303      0.000    -1     3      0.000     0  2212
 306 0 1 1  0.495073259
     0.248      0.000     1     3      0.000     0  2212
    -0.248      0.000    -1     3      0.000     0  2212
 307 0 1 1  1.47895551
     0.739      0.000     1     3      0.000     0  2212
    -0.739      0.000    -1     3      0.000     0  2212
 308 0 1 1  1.56894767
     0.784      0.000     1     3      0.000     0  2212
    -0.784      0.000    -1     3      0.000     0  2212
 309 0 1 1  1.32724607
     0.664      0.000     1     3      0.000     0  2212
    -0.664      0.000    -1     3      0.000     0  2212
 310 0 1 1  0.308860481
     0.154      0.000     1     3      0.000     0  2212
    -0.154      0.000    -1     3      0.000     0  2212
 311 0 1 1  1.79996347
     0.900      0.000     1     3      0.000     0  2212
    -0.900      0.000    -1     2      0.000  2212  2212
 312 0 1 1  0.946576059
     0.473      0.000     1     3      0.000     0  2212
    -0.473      0.000    -1     3      0.000     0  2212
 313 0 1 1  0.315044045
     0.158      0.000     1     3      0.000     0  2212
    -0.158      0.000    -1     3      0.000     0  2212
 314 0 1 1  1.3940556
     0.697      0.000     1     3      0.000     0  2212
    -0.697      0.000    -1     2      0.000  2212  2212
 315 0 1 1  1.01938403
     0.510      0.000     1     3      0.000     0  2212
    -0.510      0.000    -1     3      0.000     0  2212
 316 0 1 1  1.36817098
     0.684      0.000     1     2      0.000  2212  2212
    -0.684      0.000    -1     3      0.000     0  2212
 317 0 1 1  1.16550863
     0.583      0.000     1     3      0.000     0  2212
    -0.583      0.000    -1     3      0.000     0  2212
 318 0 1 1  1.05537188
     0.528      0.000     1     3      0.000     0  2212
    -0.528      0.000    -1     3      0.000     0  2212
 319 0 1 1  0.333465159
     0.167      0.000     1     3      0.000     0  2212
    -0.167      0.000    -1     3      0.000     0  2212
 320 0 1 1  0.845243275
     0.423      0.000     1     3      0.000     0  2212
    -0.423      0.000    -1     3      0.000     0  2212
 321 0 1 1  2.1847322
     1.092      0.000     1     3      0.000     0  2212
    -1.092      0.000    -1     3      0.000     0  2212
 322 0 1 1  1.53725767
     0.769      0.000     1     3      0.000     0  2212
    -0.769      0.000    -1     3      0.000     0  2212
 323 0 1 1  1.01932609
     0.510      0.000     1     3      0.000     0  2212
    -0.510      0.000    -1     3      0.000     0  2212
 324 0 1 1  0.759033203
     0.380      0.000     1     3      0.000     0  2212
    -0.380      0.000    -1     3      0.000     0  2212
 325 0 1 1  0.624764204
     0.312      0.000     1     3      0.000     0  2212
    -0.312      0.000    -1     3      0.000     0  2212
 326 0 1 1  0.421634436
     0.211      0.000     1     3      0.000     0  2212
    -0.211      0.000    -1     2      0.000  2212  2212
 327 0 1 1  1.33397925
     0.667      0.000     1     3      0.000     0  2212
    -0.667      0.000    -1     3      0.000     0  2212
 328 0 1 1  1.01074719
     0.505      0.000     1     3      0.000     0  2212
    -0.505      0.000    -1     3      0.000     0  2212
 329 0 1 1  1.43181276
     0.716      0.000     1     3      0.000     0  2212
    -0.716      0.000    -1     3      0.000     0  2212
 330 0 1 1  1.34018397
     0.670      0.000     1     3      0.000     0  2212
    -0.670      0.000    -1     3      0.000     0  2212
 331 0 1 1  0.336557835
     0.168      0.000     1     3      0.000     0  2212
    -0.168      0.000    -1     3      0.000     0  2212
 332 0 1 1  1.04235995
     0.521      0.000     1     3      0.000     0  2212
    -0.521      0.000    -1     2      0.000  2212  2212
 333 0 1 1  1.16925573
     0.585      0.000     1     3      0.000     0  2212
    -0.585      0.000    -1     3      0.000     0  2212
 334 0 1 1  0.604413569
     0.302      0.000     1     3      0.000     0  2212
    -0.302      0.000    -1     3      0.000     0  2212
 335 0 1 1  0.716182947
     0.358      0.000     1     3      0.000     0  2212
    -0.358      0.000    -1     3      0.000     0  2212
 336 0 1 1  2.08558607
     1.043      0.000     1     2      0.000  2212  2212
    -1.043      0.000    -1     3      0.000     0  2212
 337 0 1 1  1.74410594
     0.872      0.000     1     3      0.000     0  2212
    -0.872      0.000    -1     3      0.000     0  2212
 338 0 1 1  0.705510318
     0.353      0.000     1     3      0.000     0  2212
    -0.353      0.000    -1     3      0.000     0  2212
 339 0 1 1  1.33004808
     0.665      0.000     1     3      0.000     0  2212
    -0.665      0.000    -1     2      0.000  2212  2212
 340 0 1 1  0.475041002
     0.238      0.000     1     3      0.000     0  2212
    -0.238      0.000    -1     3      0.000     0  2212
 341 0 1 1  1.38615251
     0.693      0.000     1     3      0.000     0  2212
    -0.693      0.000    -1     3      0.000     0  2212
 342 0 1 1  0.99559027
     0.498      0.000     1     3      0.000     0  2212
    -0.498      0.000    -1     3      0.000     0  2212
 343 0 1 1  1.08201087
     0.541      0.000     1     3      0.000     0  2212
    -0.541      0.000    -1     3      0.000     0  2212
 344 0 1 1  0.935088634
     0.468      0.000     1     3      0.000     0  2212
    -0.468      0.000    -1     3      0.000     0  2212
 345 0 1 1  0.143933922
     0.072      0.000     1     3      0.000     0  2212
    -0.072      0.000    -1     3      0.000     0  2212
 346 0 1 1  1.30716228
     0.654      0.000     1     2      0.000  2212  2212
    -0.654      0.000    -1     3      0.000     0  2212
 347 0 1 1  0.576734006
     0.288      0.000     1     3      0.000     0  2212
    -0.288      0.000    -1     3      0.000     0  2212
 348 0 1 1  1.41107798
     0.706      0.000     1     3      0.000     0  2212
    -0.706      0.000    -1     3      0.000     0  2212
 349 0 1 1  1.45004082
     0.725      0.000     1     2      0.000  2212  2212
    -0.725      0.000    -1     3      0.000     0  2212
 350 0 1 1  1.26314509
     0.632      0.000     1     3      0.000     0  2212
    -0.632      0.000    -1     3      0.000     0  2212
 351 0 1 1  1.16192067
     0.581      0.000     1     3      0.000     0  2212
    -0.581      0.000    -1     3      0.000     0  2212
 352 0 1 1  0.466715902
     0.233      0.000     1     3      0.000     0  2212
    -0.233      0.000    -1     3      0.000     0  2212
 353 0 1 1  1.43687284
     0.718      0.000     1     3      0.000     0  2212
    -0.718      0.000    -1     2      0.000  2212  2212
 354 0 1 1  1.25260937
     0.626      0.000     1     3      0.000     0  2212
    -0.626      0.000    -1     3      0.000     0  2212
 355 0 1 1  0.622554362
     0.311      0.000     1     3      0.000     0  2212
    -0.311      0.000    -1     3      0.000     0  2212
 356 0 1 1  0.514268279
     0.257      0.000     1     3      0.000     0  2212
    -0.257      0.000    -1     3      0.000     0  2212
 357 0 1 1  0.26152727
     0.131      0.000     1     3      0.000     0  2212
    -0.131      0.000    -1     3      0.000     0  2212
 358 0 1 1  1.16825914
     0.584      0.000     1     3      0.000     0  2212
    -0.584      0.000    -1     3      0.000     0  2212
 359 0 1 1  0.763697803
     0.382      0.000     1     3      0.000     0  2212
    -0.382      0.000    -1     3      0.000     0  2212
 360 0 1 1  0.637627542
     0.319      0.000     1     3      0.000     0  2212
    -0.319      0.000    -1     3      0.000     0  2212
 361 0 1 1  0.775944948
     0.388      0.000     1     3      0.000     0  2212
    -0.388      0.000    -1     3      0.000     0  2212
 362 0 1 1  1.26598656
     0.633      0.000     1     3      0.000     0  2212
    -0.633      0.000    -1     2      0.000  2212  2212
 363 0 1 1  0.408533216
     0.204      0.000     1     3      0.000     0  2212
    -0.204      0.000    -1     3      0.000     0  2212
 364 0 1 1  1.41821742
     0.709      0.000     1     3      0.000     0  2212
    -0.709      0.000    -1     2      0.000  2212  2212
 365 0 1 1  1.08259356
     0.541      0.000     1     3      0.000     0  2212
    -0.541      0.000    -1     3      0.000     0  2212
 366 0 1 1  1.2277472
     0.614      0.000     1     3      0.000     0  2212
    -0.614      0.000    -1     3      0.000     0  2212
 367 0 1 1  0.991390467
     0.496      0.000     1     3      0.000     0  2212
    -0.496      0.000    -1     3      0.000     0  2212
 368 0 1 1  1.25402832
     0.627      0.000     1     3      0.000     0  2212
    -0.627      0.000    -1     2      0.000  2212  2212
 369 0 1 1  1.00003171
     0.500      0.000     1     3      0.000     0  2212
    -0.500      0.000    -1     3      0.000     0  2212
 370 0 1 1  0.470543265
     0.235      0.000     1     3      0.000     0  2212
    -0.235      0.000    -1     3      0.000     0  2212
 371 0 1 1  1.00681782
     0.503      0.000     1     2      0.000  2212  2212
    -0.503      0.000    -1     3      0.000     0  2212
 372 0 1 1  1.72551143
     0.863      0.000     1     3      0.000     0  2212
    -0.863      0.000    -1     3      0.000     0  2212
 373 0 1 1  1.0407511
     0.520      0.000     1     3      0.000     0  2212
    -0.520      0.000    -1     2      0.000  2212  2212
 374 0 1 1  1.20082605
     0.600      0.000     1     3      0.000     0  2212
    -0.600      0.000    -1     3      0.000     0  2212
 375 0 1 1  0.953470528
     0.477      0.000     1     3      0.000     0  2212
    -0.477      0.000    -1     3      0.000     0  2212
 376 0 1 1  1.25659823
     0.628      0.000     1     3      0.000     0  2212
    -0.628      0.000    -1     3      0.000     0  2212
 377 0 1 1  0.662769973
     0.331      0.000     1     3      0.000     0  2212
    -0.331      0.000    -1     3      0.000     0  2212
 378 0 1 1  1.07218683
     0.536      0.000     1     2      0.000  2212  2212
    -0.536      0.000    -1     3      0.000     0  2212
 379 0 1 1  0.889441371
     0.445      0.000     1     3      0.000     0  2212
    -0.445      0.000    -1     3      0.000     0  2212
 380 0 1 1  1.166031
     0.583      0.000     1     3      0.000     0  2212
    -0.583      0.000    -1     3      0.000     0  2212
 381 0 1 1  0.5014534
     0.251      0.000     1     3      0.000     0  2212
    -0.251      0.000    -1     3      0.000     0  2212
 382 0 1 1  0.506516635
     0.253      0.000     1     3      0.000     0  2212
    -0.253      0.000    -1     3      0.000     0  2212
 383 0 1 1  1.46042037
     0.730      0.000     1     2      0.000  2212  2212
    -0.730      0.000    -1     3      0.000     0  2212
 384 0 1 1  1.0211767
     0.511      0.000     1     3      0.000     0  2212
    -0.511      0.000    -1     3      0.000     0  2212
 385 0 1 1  1.939834
     0.970      0.000     1     3      0.000     0  2212
    -0.970      0.000    -1     3      0.000     0  2212
 386 0 1 1  1.27603078
     0.638      0.000     1     3      0.000     0  2212
    -0.638      0.000    -1     3      0.000     0  2212
 387 0 1 1  1.09690154
     0.548      0.000     1     3      0.000     0  2212
    -0.548      0.000    -1     3      0.000     0  2212
 388 0 1 1  1.0147965
     0.507      0.000     1     2      0.000  2212  2212
    -0.507      0.000    -1     3      0.000     0  2212
 389 0 1 1  0.347171962
     0.174      0.000     1     3      0.000     0  2212
    -0.174      0.000    -1     3      0.000     0  2212
 390 0 1 1  1.61509299
     0.808      0.000     1     3      0.000     0  2212
    -0.808      0.000    -1     3      0.000     0  2212
 391 0 1 1  0.687787175
     0.344      0.000     1     3      0.000     0  2212
    -0.344      0.000    -1     3      0.000     0  2212
 392 0 1 1  1.55778658
     0.779      0.000     1     3      0.000     0  2212
    -0.779      0.000    -1     2      0.000  2212  2212
 393 0 1 1  0.683957636
     0.342      0.000     1     3      0.000     0  2212
    -0.342      0.000    -1     3      0.000     0  2212
 394 0 1 1  1.479231
     0.740      0.000     1     2      0.000  2212  2212
    -0.740      0.000    -1     3      0.000     0  2212
 395 0 1 1  0.746771872
     0.373      0.000     1     3      0.000     0  2212
    -0.373      0.000    -1     3      0.000     0  2212
 396 0 1 1  1.22125018
     0.611      0.000     1     3      0.000     0  2212
    -0.611      0.000    -1     3      0.000     0  2212
 397 0 1 1  0.983646154
     0.492      0.000     1     3      0.000     0  2212
    -0.492      0.000    -1     3      0.000     0  2212
 398 0 1 1  1.77556384
     0.888      0.000     1     3      0.000     0  2212
    -0.888      0.000    -1     3      0.000     0  2212
 399 0 1 1  1.69086885
     0.845      0.000     1     3      0.000     0  2212
    -0.845      0.000    -1     3      0.000     0  2212
 400 0 1 1  1.15489936
     0.577      0.000     1     3      0.000     0  2212
    -0.577      0.000    -1     3      0.000     0  2212
 401 0 1 1  0.916600525
     0.458      0.000     1     2      0.000  2212  2212
    -0.458      0.000    -1     3      0.000     0  2212
 402 0 1 1  1.54859185
     0.774      0.000     1     2      0.000  2212  2212
    -0.774      0.000    -1     3      0.000     0  2212
 403 0 1 1  1.27167511
     0.636      0.000     1     3      0.000     0  2212
    -0.636      0.000    -1     3      0.000     0  2212
 404 0 1 1  1.47089231
     0.735      0.000     1     3      0.000     0  2212
    -0.735      0.000    -1     3      0.000     0  2212
 405 0 1 1  1.53546929
     0.768      0.000     1     2      0.000  2212  2212
    -0.768      0.000    -1     3      0.000     0  2212
 406 0 1 1  1.92479873
     0.962      0.000     1     2      0.000  2212  2212
    -0.962      0.000    -1     3      0.000     0  2212
 407 0 1 1  0.354152977
     0.177      0.000     1     3      0.000     0  2212
    -0.177      0.000    -1     3      0.000     0  2212
 408 0 1 1  0.971591651
     0.486      0.000     1     3      0.000     0  2212
    -0.486      0.000    -1     3      0.000     0  2212
 409 0 1 1  0.782449365
     0.391      0.000     1     3      0.000     0  2212
    -0.391      0.000    -1     3      0.000     0  2212
 410 0 1 1  0.812590301
     0.406      0.000     1     3      0.000     0  2212
    -0.406      0.000    -1     3      0.000     0  2212
 411 0 1 1  0.559267879
     0.280      0.000     1     3      0.000     0  2212
    -0.280      0.000    -1     3      0.000     0  2212
 412 0 1 1  0.589104831
     0.295      0.000     1     3      0.000     0  2212
    -0.295      0.000    -1     3      0.000     0  2212
 413 0 1 1  1.87700021
     0.939      0.000     1     2      0.000  2212  2212
    -0.939      0.000    -1     3      0.000     0  2212
 414 0 1 1  0.916439116
     0.458      0.000     1     3      0.000     0  2212
    -0.458      0.000    -1     3      0.000     0  2212
 415 0 1 1  0.383453101
     0.192      0.000     1     3      0.000     0  2212
    -0.192      0.000    -1     3      0.000     0  2212
 416 0 1 1  0.989987612
     0.495      0.000     1     3      0.000     0  2212
    -0.495      0.000    -1     3      0.000     0  2212
 417 0 1 1  1.17599475
     0.588      0.000     1     2      0.000  2212  2212
    -0.588      0.000    -1     3      0.000     0  2212
 418 0 1 1  1.14658356
     0.573      0.000     1     3      0.000     0  2212
    -0.573      0.000    -1     3      0.000     0  2212
 419 0 1 1  0.570487976
     0.285      0.000     1     3      0.000     0  2212
    -0.285      0.000    -1     3      0.000     0  2212
 420 0 1 1  1.21870279
     0.609      0.000     1     3      0.000     0  2212
    -0.609      0.000    -1     3      0.000     0  2212
 421 0 1 1  1.14800751
     0.574      0.000     1     3      0.000     0  2212
    -0.574      0.000    -1     3      0.000     0  2212
 422 0 1 1  1.0984875
     0.549      0.000     1     3      0.000     0  2212
    -0.549      0.000    -1     3      0.000     0  2212
 423 0 1 1  0.834547341
     0.417      0.000     1     3      0.000     0  2212
    -0.417      0.000    -1     3      0.000     0  2212
 424 0 1 1  2.36449075
     1.182      0.000     1     3      0.000     0  2212
    -1.182      0.000    -1     2      0.000  2212  2212
 425 0 1 1  0.607623339
     0.304      0.000     1     3      0.000     0  2212
    -0.304      0.000    -1     2      0.000  2212  2212
 426 0 1 1  1.14369071
     0.572      0.000     1     3      0.000     0  2212
    -0.572      0.000    -1     3      0.000     0  2212
 427 0 1 1  0.467449009
     0.234      0.000     1     3      0.000     0  2212
    -0.234      0.000    -1     3      0.000     0  2212
 428 0 1 1  0.653576672
     0.327      0.000     1     3      0.000     0  2212
    -0.327      0.000    -1     3      0.000     0  2212
 429 0 1 1  1.42349958
     0.712      0.000     1     3      0.000     0  2212
    -0.712      0.000    -1     3      0.000     0  2212
 430 0 1 1  1.17994118
     0.590      0.000     1     3      0.000     0  2212
    -0.590      0.000    -1     3      0.000     0  2212
 431 0 1 1  1.00366342
     0.502      0.000     1     3      0.000     0  2212
    -0.502      0.000    -1     3      0.000     0  2212
 432 0 1 1  0.259227544
     0.130      0.000     1     3      0.000     0  2212
    -0.130      0.000    -1     3      0.000     0  2212
 433 0 1 1  0.965179086
     0.483      0.000     1     3      0.000     0  2212
    -0.483      0.000    -1     3      0.000     0  2212
 434 0 1 1  1.38857007
     0.694      0.000     1     3      0.000     0  2212
    -0.694      0.000    -1     3      0.000     0  2212
 435 0 1 1  1.12931812
     0.565      0.000     1     3      0.000     0  2212
    -0.565      0.000    -1     2      0.000  2212  2212
 436 0 1 1  1.00013995
     0.500      0.000     1     3      0.000     0  2212
    -0.500      0.000    -1     3      0.000     0  2212
 437 0 1 1  0.685184062
     0.343      0.000     1     2      0.000  2212  2212
    -0.343      0.000    -1     3      0.000     0  2212
 438 0 1 1  0.51054585
     0.255      0.000     1     3      0.000     0  2212
    -0.255      0.000    -1     3      0.000     0  2212
 439 0 1 1  1.31445909
     0.657      0.000     1     3      0.000     0  2212
    -0.657      0.000    -1     3      0.000     0  2212
 440 0 1 1  0.968649685
     0.484      0.000     1     2      0.000  2212  2212
    -0.484      0.000    -1     3      0.000     0  2212
 441 0 1 1  0.602407038
     0.301      0.000     1     3      0.000     0  2212
    -0.301      0.000    -1     3      0.000     0  2212
 442 0 1 1  0.614319265
     0.307      0.000     1     3      0.000     0  2212
    -0.307      0.000    -1     3      0.000     0  2212
 443 0 1 1  0.662724793
     0.331      0.000     1     2      0.000  2212  2212
    -0.331      0.000    -1     3      0.000     0  2212
 444 0 1 1  1.38900769
     0.695      0.000     1     3      0.000     0  2212
    -0.695      0.000    -1     3      0.000     0  2212
 445 0 1 1  2.11807871
     1.059      0.000     1     3      0.000     0  2212
    -1.059      0.000    -1     3      0.000     0  2212
 446 0 1 1  1.55524135
     0.778      0.000     1     3      0.000     0  2212
    -0.778      0.000    -1     3      0.000     0  2212
 447 0 1 1  1.53523254
     0.768      0.000     1     3      0.000     0  2212
    -0.768      0.000    -1     3      0.000     0  2212
 448 0 1 1  1.04266787
     0.521      0.000     1     2      0.000  2212  2212
    -0.521      0.000    -1     3      0.000     0  2212
 449 0 1 1  1.54662502
     0.773      0.000     1     3      0.000     0  2212
    -0.773      0.000    -1     2      0.000  2212  2212
 450 0 1 1  0.817878902
     0.409      0.000     1     3      0.000     0  2212
    -0.409      0.000    -1     3      0.000     0  2212
 451 0 1 1  2.14130831
     1.071      0.000     1     2      0.000  2212  2212
    -1.071      0.000    -1     3      0.000     0  2212
 452 0 1 1  0.785066187
     0.393      0.000     1     3      0.000     0  2212
    -0.393      0.000    -1     3      0.000     0  2212
 453 0 1 1  1.89219701
     0.946      0.000     1     3      0.000     0  2212
    -0.946      0.000    -1     3      0.000     0  2212
 454 0 1 1  1.83921528
     0.920      0.000     1     3      0.000     0  2212
    -0.920      0.000    -1     2      0.000  2212  2212
 455 0 1 1  1.66359842
     0.832      0.000     1     2      0.000  2212  2212
    -0.832      0.000    -1     3      0.000     0  2212
 456 0 1 1  1.53412688
     0.767      0.000     1     2      0.000  2212  2212
    -0.767      0.000    -1     3      0.000     0  2212
 457 0 1 1  1.07000291
     0.535      0.000     1     3      0.000     0  2212
    -0.535      0.000    -1     3      0.000     0  2212
 458 0 1 1  1.42562091
     0.713      0.000     1     3      0.000     0  2212
    -0.713      0.000    -1     3      0.000     0  2212
 459 0 1 1  1.62445009
     0.812      0.000     1     3      0.000     0  2212
    -0.812      0.000    -1     3      0.000     0  2212
 460 0 1 1  0.241880313
     0.121      0.000     1     3      0.000     0  2212
    -0.121      0.000    -1     3      0.000     0  2212
 461 0 1 1  0.751524389
     0.376      0.000     1     2      0.000  2212  2212
    -0.376      0.000    -1     3      0.000     0  2212
 462 0 1 1  1.210976
     0.605      0.000     1     3      0.000     0  2212
    -0.605      0.000    -1     3      0.000     0  2212
 463 0 1 1  1.6293236
     0.815      0.000     1     3      0.000     0  2212
    -0.815      0.000    -1     3      0.000     0  2212
 464 0 1 1  0.957473695
     0.479      0.000     1     3      0.000     0  2212
    -0.479      0.000    -1     2      0.000  2212  2212
 465 0 1 1  1.63207269
     0.816      0.000     1     3      0.000     0  2212
    -0.816      0.000    -1     3      0.000     0  2212
 466 0 1 1  0.865683436
     0.433      0.000     1     3      0.000     0  2212
    -0.433      0.000    -1     3      0.000     0  2212
 467 0 1 1  1.24790049
     0.624      0.000     1     3      0.000     0  2212
    -0.624      0.000    -1     3      0.000     0  2212
 468 0 1 1  1.580477
     0.790      0.000     1     3      0.000     0  2212
    -0.790      0.000    -1     3      0.000     0  2212
 469 0 1 1  0.144762814
     0.072      0.000     1     3      0.000     0  2212
    -0.072      0.000    -1     3      0.000     0  2212
 470 0 1 1  1.67311168
     0.837      0.000     1     3      0.000     0  2212
    -0.837      0.000    -1     3      0.000     0  2212
 471 0 1 1  0.859074891
     0.430      0.000     1     3      0.000     0  2212
    -0.430      0.000    -1     3      0.000     0  2212
 472 0 1 1  0.253349721
     0.127      0.000     1     3      0.000     0  2212
    -0.127      0.000    -1     3      0.000     0  2212
 473 0 1 1  0.847559094
     0.424      0.000     1     3      0.000     0  2212
    -0.424      0.000    -1     2      0.000  2212  2212
 474 0 1 1  1.09594536
     0.548      0.000     1     3      0.000     0  2212
    -0.548      0.000    -1     3      0.000     0  2212
 475 0 1 1  0.63055408
     0.315      0.000     1     3      0.000     0  2212
    -0.315      0.000    -1     3      0.000     0  2212
 476 0 1 1  1.8978529
     0.949      0.000     1     2      0.000  2212  2212
    -0.949      0.000    -1     3      0.000     0  2212
 477 0 1 1  1.79660666
     0.898      0.000     1     3      0.000     0  2212
    -0.898      0.000    -1     3      0.000     0  2212
 478 0 1 1  0.874073982
     0.437      0.000     1     3      0.000     0  2212
    -0.437      0.000    -1     3      0.000     0  2212
 479 0 1 1  1.45414937
     0.727      0.000     1     3      0.000     0  2212
    -0.727      0.000    -1     2      0.000  2212  2212
 480 0 1 1  0.673167706
     0.337      0.000     1     3      0.000     0  2212
    -0.337      0.000    -1     3      0.000     0  2212
 481 0 1 1  1.15069735
     0.575      0.000     1     3      0.000     0  2212
    -0.575      0.000    -1     3      0.000     0  2212
 482 0 1 1  0.782057524
     0.391      0.000     1     3      0.000     0  2212
    -0.391      0.000    -1     3      0.000     0  2212
 483 0 1 1  0.901792705
     0.451      0.000     1     3      0.000     0  2212
    -0.451      0.000    -1     3      0.000     0  2212
 484 0 1 1  1.12583733
     0.563      0.000     1     3      0.000     0  2212
    -0.563      0.000    -1     3      0.000     0  2212
 485 0 1 1  1.86417043
     0.932      0.000     1     3      0.000     0  2212
    -0.932      0.000    -1     3      0.000     0  2212
 486 0 1 1  1.47351968
     0.737      0.000     1     3      0.000     0  2212
    -0.737      0.000    -1     3      0.000     0  2212
 487 0 1 1  0.880843818
     0.440      0.000     1     3      0.000     0  2212
    -0.440      0.000    -1     3      0.000     0  2212
 488 0 1 1  0.796425581
     0.398      0.000     1     3      0.000     0  2212
    -0.398      0.000    -1     3      0.000     0  2212
 489 0 1 1  0.650345325
     0.325      0.000     1     3      0.000     0  2212
    -0.325      0.000    -1     3      0.000     0  2212
 490 0 1 1  1.25776017
     0.629      0.000     1     3      0.000     0  2212
    -0.629      0.000    -1     2      0.000  2212  2212
 491 0 1 1  1.83875382
     0.919      0.000     1     3      0.000     0  2212
    -0.919      0.000    -1     2      0.000  2212  2212
 492 0 1 1  1.38819909
     0.694      0.000     1     3      0.000     0  2212
    -0.694      0.000    -1     3      0.000     0  2212
 493 0 1 1  0.742657304
     0.371      0.000     1     3      0.000     0  2212
    -0.371      0.000    -1     3      0.000     0  2212
 494 0 1 1  1.21868873
     0.609      0.000     1     3      0.000     0  2212
    -0.609      0.000    -1     3      0.000     0  2212
 495 0 1 1  1.30800796
     0.654      0.000     1     3      0.000     0  2212
    -0.654      0.000    -1     3      0.000     0  2212
 496 0 1 1  0.844763935
     0.422      0.000     1     3      0.000     0  2212
    -0.422      0.000    -1     3      0.000     0  2212
 497 0 1 1  1.21633875
     0.608      0.000     1     3      0.000     0  2212
    -0.608      0.000    -1     3      0.000     0  2212
 498 0 1 1  1.05534041
     0.528      0.000     1     3      0.000     0  2212
    -0.528      0.000    -1     3      0.000     0  2212
 499 0 1 1  0.970000505
     0.485      0.000     1     3      0.000     0  2212
    -0.485      0.000    -1     3      0.000     0  2212
 500 0 1 1  0.928505301
     0.464      0.000     1     3      0.000     0  2212
    -0.464      0.000    -1     3      0.000     0  2212
