    -9.80000      0.00000
    -9.40000      0.00000
    -9.00000      0.00000
    -8.60000      0.00000
    -8.20000      0.00000
    -7.80000      2.50000
    -7.40000      0.00000
    -7.00000      5.00000
    -6.60000      0.00000
    -6.20000     17.50000
    -5.80000     27.50000
    -5.40000     42.50000
    -5.00000     25.00000
    -4.60000     62.50000
    -4.20000    105.00000
    -3.80000    100.00000
    -3.40000    110.00000
    -3.00000    120.00000
    -2.60000    182.50000
    -2.20000    135.00000
    -1.80000    170.00000
    -1.40000    172.50000
    -1.00000    137.50000
    -0.60000    152.50000
    -0.20000    152.50000
     0.20000    195.00000
     0.60000    217.50000
     1.00000    172.50000
     1.40000    195.00000
     1.80000    195.00000
     2.20000    182.50000
     2.60000    170.00000
     3.00000    107.50000
     3.40000    130.00000
     3.80000     82.50000
     4.20000    102.50000
     4.60000     77.50000
     5.00000     25.00000
     5.40000     20.00000
     5.80000     35.00000
     6.20000     17.50000
     6.60000      7.50000
     7.00000      0.00000
     7.40000      0.00000
     7.80000      0.00000
     8.20000      0.00000
     8.60000      0.00000
     9.00000      0.00000
     9.40000      0.00000
     9.80000      0.00000
 after hadron evolution
    -9.80000      0.00000
    -9.40000      0.00000
    -9.00000      0.00000
    -8.60000      0.00000
    -8.20000      0.00000
    -7.80000      2.50000
    -7.40000      0.00000
    -7.00000      5.00000
    -6.60000      2.50000
    -6.20000     17.50000
    -5.80000     12.50000
    -5.40000     57.50000
    -5.00000     60.00000
    -4.60000     67.50000
    -4.20000    135.00000
    -3.80000    167.50000
    -3.40000    185.00000
    -3.00000    217.50000
    -2.60000    232.50000
    -2.20000    320.00000
    -1.80000    310.00000
    -1.40000    365.00000
    -1.00000    287.50000
    -0.60000    285.00000
    -0.20000    302.50000
     0.20000    370.00000
     0.60000    317.50000
     1.00000    297.50000
     1.40000    302.50000
     1.80000    295.00000
     2.20000    305.00000
     2.60000    267.50000
     3.00000    190.00000
     3.40000    165.00000
     3.80000    185.00000
     4.20000    110.00000
     4.60000    120.00000
     5.00000     30.00000
     5.40000     47.50000
     5.80000     25.00000
     6.20000     20.00000
     6.60000      2.50000
     7.00000      2.50000
     7.40000      0.00000
     7.80000      0.00000
     8.20000      0.00000
     8.60000      0.00000
     9.00000      0.00000
     9.40000      0.00000
     9.80000      0.00000
