 after hadron evolution
     0.02500     13.50407
     0.07500     13.74655
     0.12500     12.90924
     0.17500     13.43485
     0.22500      8.37893
     0.27500      6.54437
     0.32500      1.25182
     0.37500      6.83419
     0.42500      3.27687
     0.47500      2.06553
     0.52500      1.96584
     0.57500      1.88216
     0.62500      1.79399
     0.67500      0.85571
     0.77500      1.56906
     0.82500      2.29252
     0.87500      0.73197
     0.92500      0.71479
     1.02500      1.29787
     1.17500      1.19254
     1.22500      0.58229
     1.42500      0.52419
