    -9.80000      0.00000
    -9.40000      0.00000
    -9.00000      0.00000
    -8.60000      0.00000
    -8.20000      0.00000
    -7.80000      0.00000
    -7.40000      0.00000
    -7.00000      0.00000
    -6.60000      0.00000
    -6.20000      0.00000
    -5.80000      0.00000
    -5.40000      0.00000
    -5.00000      5.00000
    -4.60000     10.00000
    -4.20000      7.50000
    -3.80000     12.50000
    -3.40000     10.00000
    -3.00000     15.00000
    -2.60000     17.50000
    -2.20000     35.00000
    -1.80000     60.00000
    -1.40000     30.00000
    -1.00000     50.00000
    -0.60000     42.50000
    -0.20000     52.50000
     0.20000     45.00000
     0.60000     32.50000
     1.00000     35.00000
     1.40000     62.50000
     1.80000     35.00000
     2.20000     27.50000
     2.60000     20.00000
     3.00000     27.50000
     3.40000     32.50000
     3.80000     15.00000
     4.20000     10.00000
     4.60000     12.50000
     5.00000      2.50000
     5.40000      0.00000
     5.80000      2.50000
     6.20000      2.50000
     6.60000      0.00000
     7.00000      0.00000
     7.40000      0.00000
     7.80000      0.00000
     8.20000      0.00000
     8.60000      0.00000
     9.00000      0.00000
     9.40000      0.00000
     9.80000      0.00000
 after hadron evolution
    -9.80000      0.00000
    -9.40000      0.00000
    -9.00000      0.00000
    -8.60000      0.00000
    -8.20000      0.00000
    -7.80000      0.00000
    -7.40000      0.00000
    -7.00000      0.00000
    -6.60000      0.00000
    -6.20000      0.00000
    -5.80000     10.00000
    -5.40000      5.00000
    -5.00000     15.00000
    -4.60000     45.00000
    -4.20000     52.50000
    -3.80000     65.00000
    -3.40000     97.50000
    -3.00000    137.50000
    -2.60000    130.00000
    -2.20000    152.50000
    -1.80000    175.00000
    -1.40000    185.00000
    -1.00000    187.50000
    -0.60000    185.00000
    -0.20000    182.50000
     0.20000    190.00000
     0.60000    177.50000
     1.00000    152.50000
     1.40000    165.00000
     1.80000    165.00000
     2.20000    127.50000
     2.60000    140.00000
     3.00000    105.00000
     3.40000     97.50000
     3.80000     80.00000
     4.20000     47.50000
     4.60000     22.50000
     5.00000     15.00000
     5.40000      2.50000
     5.80000      5.00000
     6.20000      2.50000
     6.60000      0.00000
     7.00000      0.00000
     7.40000      0.00000
     7.80000      0.00000
     8.20000      0.00000
     8.60000      0.00000
     9.00000      0.00000
     9.40000      0.00000
     9.80000      0.00000
