    -9.80000      0.00000
    -9.40000      0.00000
    -9.00000      0.00000
    -8.60000      0.00000
    -8.20000      0.00000
    -7.80000      0.00000
    -7.40000      0.00000
    -7.00000      0.00000
    -6.60000      0.00000
    -6.20000      0.25000
    -5.80000      0.50000
    -5.40000      0.25000
    -5.00000      2.25000
    -4.60000      5.50000
    -4.20000      9.00000
    -3.80000     18.50000
    -3.40000     24.50000
    -3.00000     25.25000
    -2.60000     35.50000
    -2.20000     47.00000
    -1.80000     45.75000
    -1.40000     46.75000
    -1.00000     52.50000
    -0.60000     54.75000
    -0.20000     57.75000
     0.20000     56.50000
     0.60000     55.75000
     1.00000     55.75000
     1.40000     50.50000
     1.80000     49.00000
     2.20000     39.75000
     2.60000     41.25000
     3.00000     35.75000
     3.40000     29.50000
     3.80000     19.00000
     4.20000     11.50000
     4.60000      9.50000
     5.00000      4.75000
     5.40000      1.25000
     5.80000      0.50000
     6.20000      0.50000
     6.60000      0.00000
     7.00000      0.00000
     7.40000      0.00000
     7.80000      0.00000
     8.20000      0.00000
     8.60000      0.00000
     9.00000      0.00000
     9.40000      0.00000
     9.80000      0.00000
 after hadron evolution
    -9.80000      0.00000
    -9.40000      0.00000
    -9.00000      0.00000
    -8.60000      0.00000
    -8.20000      0.00000
    -7.80000      0.00000
    -7.40000      0.00000
    -7.00000      0.00000
    -6.60000      0.00000
    -6.20000      0.25000
    -5.80000      1.00000
    -5.40000      1.25000
    -5.00000      6.75000
    -4.60000     12.00000
    -4.20000     16.75000
    -3.80000     28.25000
    -3.40000     43.75000
    -3.00000     44.75000
    -2.60000     58.00000
    -2.20000     65.00000
    -1.80000     73.50000
    -1.40000     84.00000
    -1.00000     91.50000
    -0.60000     89.50000
    -0.20000     94.00000
     0.20000     88.50000
     0.60000    101.25000
     1.00000     88.75000
     1.40000     83.25000
     1.80000     78.25000
     2.20000     70.00000
     2.60000     69.00000
     3.00000     55.00000
     3.40000     49.50000
     3.80000     39.25000
     4.20000     25.75000
     4.60000     17.75000
     5.00000      8.25000
     5.40000      5.00000
     5.80000      1.75000
     6.20000      1.00000
     6.60000      0.25000
     7.00000      0.00000
     7.40000      0.00000
     7.80000      0.00000
     8.20000      0.00000
     8.60000      0.00000
     9.00000      0.00000
     9.40000      0.00000
     9.80000      0.00000
