    -9.80000      0.00000
    -9.40000      0.00000
    -9.00000      0.00000
    -8.60000      0.00000
    -8.20000      0.00000
    -7.80000      0.00000
    -7.40000      0.00000
    -7.00000      0.00000
    -6.60000      0.00000
    -6.20000      0.00000
    -5.80000      0.25000
    -5.40000      0.25000
    -5.00000      0.50000
    -4.60000      0.75000
    -4.20000      1.50000
    -3.80000      1.25000
    -3.40000      3.25000
    -3.00000      3.25000
    -2.60000      3.75000
    -2.20000      5.00000
    -1.80000      4.50000
    -1.40000      5.25000
    -1.00000      4.25000
    -0.60000      5.25000
    -0.20000      5.00000
     0.20000      3.25000
     0.60000      6.75000
     1.00000      6.00000
     1.40000      4.25000
     1.80000      5.75000
     2.20000      4.50000
     2.60000      5.50000
     3.00000      3.75000
     3.40000      6.25000
     3.80000      2.00000
     4.20000      2.50000
     4.60000      1.00000
     5.00000      1.50000
     5.40000      0.00000
     5.80000      0.25000
     6.20000      0.00000
     6.60000      0.00000
     7.00000      0.00000
     7.40000      0.00000
     7.80000      0.00000
     8.20000      0.00000
     8.60000      0.00000
     9.00000      0.00000
     9.40000      0.00000
     9.80000      0.00000
 after hadron evolution
    -9.80000      0.00000
    -9.40000      0.00000
    -9.00000      0.00000
    -8.60000      0.00000
    -8.20000      0.00000
    -7.80000      0.00000
    -7.40000      0.00000
    -7.00000      0.00000
    -6.60000      0.00000
    -6.20000      0.00000
    -5.80000      0.75000
    -5.40000      0.50000
    -5.00000      2.00000
    -4.60000      3.75000
    -4.20000      4.50000
    -3.80000      8.25000
    -3.40000     12.00000
    -3.00000     13.00000
    -2.60000     18.25000
    -2.20000     17.75000
    -1.80000     20.50000
    -1.40000     22.50000
    -1.00000     20.25000
    -0.60000     25.25000
    -0.20000     24.75000
     0.20000     19.25000
     0.60000     24.75000
     1.00000     26.00000
     1.40000     26.50000
     1.80000     24.75000
     2.20000     16.50000
     2.60000     20.00000
     3.00000     14.75000
     3.40000     16.00000
     3.80000     11.50000
     4.20000      8.75000
     4.60000      5.00000
     5.00000      2.25000
     5.40000      1.50000
     5.80000      0.75000
     6.20000      0.25000
     6.60000      0.00000
     7.00000      0.00000
     7.40000      0.00000
     7.80000      0.00000
     8.20000      0.00000
     8.60000      0.00000
     9.00000      0.00000
     9.40000      0.00000
     9.80000      0.00000
