 1 0 197 64
     2    1.920    4.294      9.734  0.006    -0.68    -0.16  0.  0.   1
    -2    1.328    0.189      7.403  0.006    -0.68    -0.16  0.  0.   1
    21    0.328   -1.646     -0.761  0.000    -1.64    -1.18  0.  0.   2
    21   -0.502    0.238      0.227  0.000    -1.64    -1.18  0.  0.   2
    21   -0.070   -0.844     -1.323  0.000    -1.64    -1.18  0.  0.   2
    21    0.383   -0.243     -3.763  0.000    -1.64    -1.18  0.  0.   2
    21    0.606    0.708    -12.952  0.000    -1.64    -1.18  0.  0.   2
    21   -0.156   -0.860    -16.891  0.000    -1.64    -1.18  0.  0.   2
     1    0.116    1.996     20.771  0.010    -3.37     1.27  0.  0.   3
    21    1.689   -3.541      3.155  0.000    -3.37     1.27  0.  0.   3
    21    0.425   -1.470      2.509  0.000    -3.37     1.27  0.  0.   3
    21    0.263   -0.042      0.052  0.000    -3.37     1.27  0.  0.   3
    21    1.211   -0.374     -3.634  0.000    -3.37     1.27  0.  0.   3
    21    0.446   -0.380     -2.807  0.000    -3.37     1.27  0.  0.   3
    21   -0.108    0.359     -1.773  0.000    -3.37     1.27  0.  0.   3
    21   -3.359    2.158     -7.311  0.000    -3.37     1.27  0.  0.   3
    21   -0.580    1.188     -3.059  0.000    -3.37     1.27  0.  0.   3
    21    0.415    0.114      0.297  0.000    -3.37     1.27  0.  0.   3
    21   -1.187   -0.481     22.561  0.000    -3.37     1.27  0.  0.   3
    -1   -0.440    0.981      4.400  0.010    -3.37     1.27  0.  0.   3
 2 0 197 64
    21   -0.354    0.132      8.430  0.000     1.26    -1.98  0.  0.   1
    21    0.708   -0.454      2.944  0.000     1.26    -1.98  0.  0.   1
    21   -0.067    0.563      1.602  0.000     1.26    -1.98  0.  0.   1
    21   -0.985   -0.125      2.083  0.000     1.26    -1.98  0.  0.   1
    21   -1.055    0.545     -0.327  0.000     1.26    -1.98  0.  0.   1
    21    0.095    1.515     -2.462  0.000     1.26    -1.98  0.  0.   1
     2   -0.239    0.696     -0.330  0.006    -0.99    -3.79  0.  0.   1
    -2   -0.361    2.500     -4.053  0.006    -0.99    -3.79  0.  0.   1
    21    0.457    0.470      0.617  0.000    -0.99    -3.79  0.  0.   1
    21   -0.509    0.870     12.525  0.000    -0.99    -3.79  0.  0.   1
    21   -1.722    0.992     -2.380  0.000     0.73     1.53  0.  0.   2
    21   -1.905   -0.383     -0.475  0.000     0.73     1.53  0.  0.   2
    21    0.193   -0.597      1.041  0.000     0.73     1.53  0.  0.   2
    21    0.229    0.083     -3.456  0.000    -0.11    -0.07  0.  0.   2
    21    0.811   -4.562    -23.965  0.000    -0.11    -0.07  0.  0.   2
    21   -2.903   -0.198    -23.580  0.000    -1.04    -2.37  0.  0.   2
    21    0.609   -2.272     -6.753  0.000    -1.04    -2.37  0.  0.   2
    21   -0.180    0.215     -1.515  0.000    -1.04    -2.37  0.  0.   2
    21    0.532    0.916      8.646  0.000    -1.07    -0.05  0.  0.   3
    21   -0.771   -0.581      4.142  0.000    -1.07    -0.05  0.  0.   3
    21    0.166    2.571     27.029  0.000    -1.07    -0.05  0.  0.   3
    21   -0.037   -0.754      1.920  0.000    -1.07    -0.05  0.  0.   3
    21    2.227   -0.862      1.323  0.000    -1.07    -0.05  0.  0.   3
    21   -1.917   -0.002      2.952  0.000    -1.07    -0.05  0.  0.   3
    21   -1.362   -0.978      0.764  0.000    -1.07    -0.05  0.  0.   3
    21   -0.059   -0.414      0.768  0.000    -1.07    -0.05  0.  0.   3
    21    3.114    0.251     -0.956  0.000    -1.07    -0.05  0.  0.   3
    21   -0.140   -0.088     -0.660  0.000    -1.07    -0.05  0.  0.   3
     1   -0.949   -1.295     -4.708  0.010    -1.14     0.77  0.  0.   3
    21   -0.106   -1.128     -3.956  0.000    -1.14     0.77  0.  0.   3
    21   -0.173    0.098    -11.754  0.000    -1.14     0.77  0.  0.   3
    -1    1.804    2.221     -0.521  0.010    -1.14     0.77  0.  0.   3
    21    0.566    1.160      4.886  0.000    -0.40    -2.82  0.  0.   3
    21   -0.367   -0.524      0.249  0.000    -0.40    -2.82  0.  0.   3
    21    0.834    2.282     -6.797  0.000    -0.40    -2.82  0.  0.   3
    21    0.104   -0.274     20.602  0.000    -0.40    -2.82  0.  0.   3
    21   -3.066   -1.952     20.687  0.000    -0.40    -2.82  0.  0.   3
    21    1.900   -0.960     -8.855  0.000    -0.40    -2.82  0.  0.   3
    21    0.632   -0.021    -11.070  0.000    -0.40    -2.82  0.  0.   3
    21   -1.355    0.053    -17.257  0.000    -0.40    -2.82  0.  0.   3
     1    1.034    1.103     -0.155  0.010    -1.09    -3.64  0.  0.   3
    21    0.091    0.228      0.314  0.000    -1.09    -3.64  0.  0.   3
    21    0.428   -2.841      1.040  0.000    -1.09    -3.64  0.  0.   3
    21    0.429   -1.367     -5.676  0.000    -1.09    -3.64  0.  0.   3
    21    0.743   -0.630      7.989  0.000    -1.09    -3.64  0.  0.   3
    21   -1.039    0.332      3.706  0.000    -1.09    -3.64  0.  0.   3
    21    0.348    1.568     -5.428  0.000    -1.09    -3.64  0.  0.   3
    21    0.011   -0.467     -0.180  0.000    -1.09    -3.64  0.  0.   3
    21    0.003   -0.583     -1.533  0.000    -1.09    -3.64  0.  0.   3
    21   -3.019   -0.516     -6.035  0.000    -1.09    -3.64  0.  0.   3
    -1    0.984   -0.133      2.073  0.010    -1.09    -3.64  0.  0.   3
 5 0 197 64
    21    0.035   -0.744      2.847  0.000    -3.05    -1.97  0.  0.   1
    21    0.306   -0.211      2.336  0.000    -3.05    -1.97  0.  0.   1
    21   -2.914    2.128     38.803  0.000    -3.05    -1.97  0.  0.   1
    21    0.078    1.282      9.405  0.000    -0.65     0.30  0.  0.   1
    21   -0.999   -0.804      2.713  0.000    -0.65     0.30  0.  0.   1
    21   -0.195   -0.983      2.717  0.000    -0.65     0.30  0.  0.   1
    21   -1.422    0.985      4.024  0.000    -0.65     0.30  0.  0.   1
    21    0.914   -0.270      0.890  0.000    -1.92     2.58  0.  0.   1
    21    0.553    0.561      3.739  0.000    -1.92     2.58  0.  0.   1
    21   -1.532   -1.459      4.630  0.000    -1.92     2.58  0.  0.   1
    21   -0.915    0.006      5.493  0.000    -1.92     2.58  0.  0.   1
    21    1.163   -1.249     23.877  0.000    -0.70     2.15  0.  0.   1
    21   -1.038   -0.208     12.519  0.000    -0.70     2.15  0.  0.   1
    21   -0.326   -0.802      3.289  0.000    -0.70     2.15  0.  0.   1
    21   -1.473   -0.012      3.709  0.000    -0.70     2.15  0.  0.   1
    21    0.482    1.694     -1.496  0.000    -0.70     2.15  0.  0.   1
    21    3.262    1.319     -2.686  0.000    -0.70     2.15  0.  0.   1
    21   -1.259   -0.302      2.529  0.000    -1.15     1.32  0.  0.   1
    21    1.086    0.096      3.925  0.000    -1.15     1.32  0.  0.   1
    21    1.563   -1.437      6.246  0.000    -1.15     1.32  0.  0.   1
    21    0.501   -0.187     -0.599  0.000    -2.28     0.19  0.  0.   2
    21   -0.478    0.683     -1.089  0.000    -2.28     0.19  0.  0.   2
    21   -0.621   -0.083     -0.587  0.000    -2.28     0.19  0.  0.   2
    21   -1.896   -0.538     -9.984  0.000    -2.28     0.19  0.  0.   2
    21   -0.412    0.425     -0.983  0.000    -2.28     0.19  0.  0.   2
    21    0.196    0.073     -0.589  0.000    -2.28     0.19  0.  0.   2
    21   -0.354    2.049     -0.008  0.000    -2.28     0.19  0.  0.   2
    21    0.232    0.112     -4.194  0.000    -2.28     0.19  0.  0.   2
    21   -1.997    0.117    -20.984  0.000    -2.28     0.19  0.  0.   2
    21   -0.006   -1.247     -6.565  0.000    -2.28     0.19  0.  0.   2
    21    0.289    0.470     -0.361  0.000    -1.90     1.60  0.  0.   2
    21    0.264   -0.061     -0.285  0.000    -2.69     0.69  0.  0.   2
    21    0.951   -0.588    -19.415  0.000    -2.69     0.69  0.  0.   2
    21   -0.239   -0.899     -1.234  0.000    -4.01    -2.16  0.  0.   2
    21    0.523    0.170     -1.701  0.000    -4.01    -2.16  0.  0.   2
    21   -0.121    0.021      0.031  0.000    -1.65     0.94  0.  0.   3
    21    0.025    0.334     -0.079  0.000    -1.65     0.94  0.  0.   3
    21    0.616    1.238      3.296  0.000    -1.65     0.94  0.  0.   3
    21   -0.764   -0.025    -10.221  0.000    -1.65     0.94  0.  0.   3
    21   -2.429   -0.437      0.196  0.000    -1.65     0.94  0.  0.   3
    21   -1.778    0.572      1.390  0.000    -1.65     0.94  0.  0.   3
    21   -0.076    0.815     -0.260  0.000    -1.65     0.94  0.  0.   3
    21    2.338   -1.048     -9.617  0.000    -1.65     0.94  0.  0.   3
    21    0.968   -0.508     -0.700  0.000    -1.65     0.94  0.  0.   3
 6 0 197 64
    21    0.195   -1.124      2.906  0.000     0.09    -2.31  0.  0.   1
    21    0.078    2.583      2.523  0.000     0.09    -2.31  0.  0.   1
    21   -0.355   -0.804      2.127  0.000     0.09    -2.31  0.  0.   1
    21   -0.922   -0.041      6.611  0.000    -2.07    -1.43  0.  0.   1
    21   -0.650    0.941      2.340  0.000    -2.07    -1.43  0.  0.   1
    21   -1.113   -0.334      0.243  0.000    -2.07    -1.43  0.  0.   1
    21    0.014   -0.614     -0.232  0.000    -2.07    -1.43  0.  0.   1
    21    2.067   -1.459      1.994  0.000    -2.07    -1.43  0.  0.   1
    21   -0.082    2.516    -21.795  0.000    -2.07    -1.43  0.  0.   1
    21    0.600    0.181      4.958  0.000     1.60     2.95  0.  0.   1
    21   -0.834   -0.338      5.760  0.000     1.60     2.95  0.  0.   1
    21    0.519   -0.025      2.638  0.000     1.60     2.95  0.  0.   1
    21   -0.066    1.280      0.754  0.000     1.60     2.95  0.  0.   1
    21   -0.240   -0.256     -1.288  0.000     1.60     2.95  0.  0.   1
    21   -1.211    1.186     -1.758  0.000     1.60     2.95  0.  0.   1
    21    1.813    1.768      0.239  0.000    -3.06     3.76  0.  0.   1
     3   -1.129    0.293      1.723  0.199    -0.03    -2.14  0.  0.   1
    -3   -0.226   -0.434      1.398  0.199    -0.03    -2.14  0.  0.   1
    21   -0.175   -0.756      2.765  0.000    -0.03    -2.14  0.  0.   1
    21   -0.658    0.581      2.932  0.000    -0.03    -2.14  0.  0.   1
    21    0.698   -0.467      0.514  0.000    -0.03    -2.14  0.  0.   1
    21   -0.150   -0.354     -0.231  0.000    -0.03    -2.14  0.  0.   1
    21   -0.395   -0.400     -0.516  0.000    -0.03    -2.14  0.  0.   1
    21    0.750    1.253      1.519  0.000    -0.03    -2.14  0.  0.   1
    21   -0.866   -0.354      0.583  0.000    -0.03    -2.14  0.  0.   1
    21   -0.925    2.263      7.693  0.000    -0.03    -2.14  0.  0.   1
    21    1.633    0.141      1.677  0.000    -0.03    -2.14  0.  0.   1
    21   -0.915    0.423      1.140  0.000    -0.03    -2.14  0.  0.   1
    21   -0.348    0.287      1.909  0.000    -0.03    -2.14  0.  0.   1
    21   -0.134   -0.239      0.746  0.000    -0.03    -2.14  0.  0.   1
    21    1.188   -1.722      6.164  0.000    -0.03    -2.14  0.  0.   1
    21   -0.253    0.319      1.486  0.000    -0.03    -2.14  0.  0.   1
    21    1.948    0.126      4.056  0.000    -0.03    -2.14  0.  0.   1
    21    1.639   -0.028      3.086  0.000    -0.94    -2.97  0.  0.   1
    21   -0.801   -0.596     -0.917  0.000    -0.94    -2.97  0.  0.   1
    21   -0.051    1.213      0.899  0.000    -0.94    -2.97  0.  0.   1
    21   -0.348   -0.114      0.554  0.000    -0.94    -2.97  0.  0.   1
    21   -0.106    0.644      4.244  0.000    -0.94    -2.97  0.  0.   1
    21   -1.373    1.905      4.589  0.000    -0.94    -2.97  0.  0.   1
    21   -0.852   -1.072      4.075  0.000    -0.94    -2.97  0.  0.   1
    21   -0.765    1.011     -3.838  0.000    -0.94    -2.97  0.  0.   1
    21    0.815   -1.963     -1.719  0.000    -0.94    -2.97  0.  0.   1
    21   -1.112   -0.087      6.701  0.000    -2.59    -2.34  0.  0.   1
    21    0.300    0.421     10.463  0.000    -2.59    -2.34  0.  0.   1
    21    0.188   -0.169     -0.476  0.000    -2.59    -2.34  0.  0.   1
    21   -0.318    0.024      0.521  0.000    -2.59    -2.34  0.  0.   1
    21    0.057    0.219      1.044  0.000    -2.59    -2.34  0.  0.   1
    21    0.474    1.540      1.048  0.000    -2.59    -2.34  0.  0.   1
    21    2.117   -0.090      2.680  0.000    -2.59    -2.34  0.  0.   1
    21    0.903   -1.312     19.951  0.000    -1.67    -1.98  0.  0.   1
    21   -0.176    0.100      7.603  0.000    -1.67    -1.98  0.  0.   1
    21    0.921    0.035      6.367  0.000    -1.67    -1.98  0.  0.   1
    21    0.614   -0.419      4.933  0.000    -1.67    -1.98  0.  0.   1
    21   -0.183    0.718      1.074  0.000    -1.67    -1.98  0.  0.   1
    21    0.305   -0.908      3.190  0.000     1.23     2.50  0.  0.   1
    21   -0.266    0.794      4.694  0.000     1.23     2.50  0.  0.   1
    21   -0.611   -0.242      2.266  0.000     1.23     2.50  0.  0.   1
    21    0.390   -0.668      1.307  0.000     1.23     2.50  0.  0.   1
    21   -1.480    0.659      5.610  0.000     1.23     2.50  0.  0.   1
    21    0.419    0.121      1.962  0.000    -0.31    -3.99  0.  0.   1
    21    1.065   -1.741      3.337  0.000     0.07    -3.03  0.  0.   1
    21   -0.252    1.163      1.299  0.000     0.07    -3.03  0.  0.   1
    21   -0.957    1.279     -3.165  0.000    -4.14    -1.31  0.  0.   1
    21   -2.119    2.007    -11.012  0.000    -4.14    -1.31  0.  0.   1
    21    0.021    0.300     -0.252  0.000    -4.14    -1.31  0.  0.   1
    21   -0.298   -1.916     -3.124  0.000    -4.14    -1.31  0.  0.   1
    21    0.325   -0.540     -3.181  0.000    -4.14    -1.31  0.  0.   1
    21    2.328   -2.363      4.516  0.000    -4.14    -1.31  0.  0.   1
    21   -0.747    0.643     17.580  0.000    -4.14    -1.31  0.  0.   1
    21   -0.575    0.507      0.287  0.000    -4.14    -1.31  0.  0.   1
    21    0.737   -0.009      0.964  0.000    -0.93     0.85  0.  0.   1
    21    0.571    0.527      3.176  0.000     1.23    -1.38  0.  0.   1
    21   -0.469   -0.961      7.183  0.000     1.23    -1.38  0.  0.   1
    21   -0.758   -0.615     -4.491  0.000     1.23    -1.38  0.  0.   1
    21   -0.722    1.424     -0.361  0.000     1.23    -1.38  0.  0.   1
    21    0.704   -1.355     22.511  0.000     1.23    -1.38  0.  0.   1
    21   -2.489   -0.857      2.159  0.000     1.23    -1.38  0.  0.   1
    21    0.016    0.743      5.487  0.000     0.06    -0.97  0.  0.   1
    21    0.309   -0.542     10.389  0.000     0.06    -0.97  0.  0.   1
    21    0.466   -0.191      6.016  0.000     0.06    -0.97  0.  0.   1
    21    2.411    2.852      4.229  0.000     0.06    -0.97  0.  0.   1
    21    1.570   -0.400      1.552  0.000     0.06    -0.97  0.  0.   1
    21   -1.309    1.087     11.475  0.000     0.96     1.90  0.  0.   1
    21    0.235    0.664      1.677  0.000     0.96     1.90  0.  0.   1
    21    0.414    0.433      1.264  0.000    -1.77    -4.09  0.  0.   1
    21   -0.197    1.068      9.233  0.000    -1.77    -4.09  0.  0.   1
    21    0.446   -0.213      1.080  0.000    -1.77    -4.09  0.  0.   1
    21   -0.090    0.880      3.938  0.000    -1.77    -4.09  0.  0.   1
    21   -0.363    1.572      3.022  0.000    -1.77    -4.09  0.  0.   1
    21    0.830   -1.030      3.769  0.000    -1.77    -4.09  0.  0.   1
    21    0.224    0.580      3.038  0.000    -1.77    -4.09  0.  0.   1
    21    0.162   -0.782      0.266  0.000    -1.77    -4.09  0.  0.   1
    21    0.171   -0.775      7.902  0.000    -1.22    -0.68  0.  0.   1
    21    0.489   -1.565      3.823  0.000    -1.22    -0.68  0.  0.   1
    21    0.283    0.176     -0.078  0.000    -1.22    -0.68  0.  0.   1
    21   -0.177    1.015      2.040  0.000    -1.22    -0.68  0.  0.   1
    21    1.535    2.065      8.754  0.000    -1.22    -0.68  0.  0.   1
    21   -0.828   -0.099      4.761  0.000    -3.70     0.64  0.  0.   1
    21    0.017    0.201     -0.461  0.000    -3.70     0.64  0.  0.   1
    21   -0.734   -0.617      0.390  0.000    -3.70     0.64  0.  0.   1
    21   -1.166   -1.312      6.817  0.000    -3.70     0.64  0.  0.   1
    21    0.683    0.218      7.096  0.000    -3.70     0.64  0.  0.   1
    21    0.057    0.646      0.374  0.000    -1.27    -2.36  0.  0.   1
    21    0.344    0.955      2.482  0.000    -1.27    -2.36  0.  0.   1
    21    1.812   -0.861      5.248  0.000    -1.27    -2.36  0.  0.   1
    21    0.115    0.193     -0.248  0.000    -0.32    -0.19  0.  0.   1
    21    0.251   -0.442      0.133  0.000    -0.32    -0.19  0.  0.   1
    21    0.940    0.592      4.112  0.000    -1.19     1.68  0.  0.   1
     4    0.209   -0.115     -0.733  1.350    -1.19     1.68  0.  0.   1
    -4   -0.242    0.365      2.274  1.350    -1.19     1.68  0.  0.   1
    21   -0.787   -1.179      2.306  0.000     0.21    -1.63  0.  0.   1
    21    0.049    0.208      3.355  0.000     0.21    -1.63  0.  0.   1
    21    0.037   -0.076     -0.054  0.000     0.21    -1.63  0.  0.   1
    21    2.927   -1.372     12.859  0.000     0.21    -1.63  0.  0.   1
    21    0.594    0.319      0.267  0.000     0.21    -1.63  0.  0.   1
    21    0.636    1.673      7.031  0.000     0.21    -1.63  0.  0.   1
    21   -0.501   -0.201      0.400  0.000    -3.16    -1.04  0.  0.   1
    21    0.872    5.173      3.043  0.000    -3.16    -1.04  0.  0.   1
    21    0.826    0.684      0.719  0.000    -3.16    -1.04  0.  0.   1
    21    0.152   -0.769      3.185  0.000    -0.71     0.68  0.  0.   1
    21    0.734    0.048      1.741  0.000    -0.71     0.68  0.  0.   1
    21   -0.939   -0.368      3.176  0.000    -0.71     0.68  0.  0.   1
    21   -0.692    0.437      2.824  0.000    -1.79     0.65  0.  0.   1
    21    0.561    0.120      7.977  0.000    -1.79     0.65  0.  0.   1
    21    0.805    0.289      1.605  0.000    -1.79     0.65  0.  0.   1
    21    1.052    0.801     15.811  0.000    -1.79     0.65  0.  0.   1
    21    3.119    2.661     -2.600  0.000    -1.78     2.58  0.  0.   1
    21   -1.113   -1.187      7.212  0.000    -1.78     2.58  0.  0.   1
    21    0.199    0.431      0.592  0.000    -1.78     2.58  0.  0.   1
    21    0.076    1.287     15.602  0.000    -1.78     2.58  0.  0.   1
    21   -0.317    0.388      2.430  0.000    -1.78     2.58  0.  0.   1
    21   -0.948   -0.024      5.245  0.000    -1.78     2.58  0.  0.   1
    21   -0.263   -0.285      0.111  0.000    -1.78     2.58  0.  0.   1
    21   -0.885    0.448      3.506  0.000    -1.78     2.58  0.  0.   1
    21   -0.013    0.237     -0.232  0.000    -1.78     2.58  0.  0.   1
    21   -1.271   -1.222      0.387  0.000    -1.78     2.58  0.  0.   1
    21    0.177    0.133      0.164  0.000    -1.78     2.58  0.  0.   1
     1   -2.084    0.229      3.832  0.010    -1.78     2.58  0.  0.   1
    -1   -0.057   -0.187      2.066  0.010    -1.78     2.58  0.  0.   1
    21   -0.196    1.297     11.879  0.000    -1.38    -1.04  0.  0.   1
    21    1.214    0.112      0.390  0.000    -1.38    -1.04  0.  0.   1
    21    1.142   -1.102      3.101  0.000    -1.38    -1.04  0.  0.   1
    21   -1.570    2.820     -1.893  0.000    -1.38    -1.04  0.  0.   1
    21   -0.746   -0.858     -0.825  0.000     0.50    -2.71  0.  0.   1
    21   -0.282   -0.869      4.583  0.000     0.50    -2.71  0.  0.   1
    21   -0.244   -0.870      0.307  0.000     0.50    -2.71  0.  0.   1
    21   -0.722   -1.397     11.096  0.000     0.50    -2.71  0.  0.   1
    21    0.949    0.436      5.247  0.000     0.50    -2.71  0.  0.   1
    21   -0.515    1.387      6.377  0.000     0.50    -2.71  0.  0.   1
    21   -0.515    0.290     -0.078  0.000     0.50    -2.71  0.  0.   1
    21   -0.785   -0.948     10.934  0.000     1.37     0.81  0.  0.   1
    21    0.383    0.037      1.581  0.000     1.37     0.81  0.  0.   1
    21   -0.035    0.480      1.523  0.000     1.37     0.81  0.  0.   1
    21   -0.357   -1.363      3.564  0.000     1.37     0.81  0.  0.   1
    21   -0.187   -0.080      0.720  0.000     1.37     0.81  0.  0.   1
    21    0.106    0.135      0.063  0.000    -1.18    -0.12  0.  0.   2
    21    2.572   -0.640    -27.762  0.000    -1.18    -0.12  0.  0.   2
    21   -0.210    0.373     -6.109  0.000    -1.18    -0.12  0.  0.   2
    21    0.026   -0.411     -1.659  0.000    -1.18    -0.12  0.  0.   2
    21    0.178    0.726     -4.438  0.000    -1.18    -0.12  0.  0.   2
    21   -0.127    0.143     -0.090  0.000    -5.36    -1.93  0.  0.   2
    21    0.912   -0.859     -0.771  0.000    -5.36    -1.93  0.  0.   2
    21    0.173    1.033      1.759  0.000    -2.50    -4.07  0.  0.   2
    21    2.923   -1.987     14.924  0.000    -2.50    -4.07  0.  0.   2
    21    0.540    0.282     -4.741  0.000    -2.50    -4.07  0.  0.   2
    21   -1.148   -0.372    -14.813  0.000    -2.50    -4.07  0.  0.   2
    21    0.958   -1.871      1.047  0.000     0.08    -1.84  0.  0.   2
    21   -0.660   -0.552     -1.971  0.000    -0.65    -3.17  0.  0.   2
    21    0.329    0.920     -2.304  0.000    -0.65    -3.17  0.  0.   2
    21    0.082   -1.659     -7.423  0.000    -0.65    -3.17  0.  0.   2
    21   -0.901   -0.491      0.763  0.000    -0.65    -3.17  0.  0.   2
    21    0.015   -1.066      1.063  0.000    -0.65    -3.17  0.  0.   2
    21    2.167   -0.255      3.584  0.000    -0.65    -3.17  0.  0.   2
    21   -0.345    0.121      0.021  0.000    -0.65    -3.17  0.  0.   2
    21    0.584   -0.132     -5.117  0.000    -0.65    -3.17  0.  0.   2
    21   -0.623   -0.487     -3.007  0.000    -0.65    -3.17  0.  0.   2
    21   -0.202    0.447     -0.506  0.000    -0.65    -3.17  0.  0.   2
    21   -0.005   -0.971      4.250  0.000    -2.73    -2.49  0.  0.   2
    21   -1.672    1.196      2.711  0.000    -2.73    -2.49  0.  0.   2
    21    0.140    0.238      3.541  0.000    -2.73    -2.49  0.  0.   2
    21    0.730    2.083    -19.098  0.000    -2.73    -2.49  0.  0.   2
    21   -0.499    0.022     -2.636  0.000    -2.73    -2.49  0.  0.   2
    21   -0.263   -1.776     -2.253  0.000    -0.34     1.38  0.  0.   2
    21    1.737   -0.248     -0.355  0.000    -0.34     1.38  0.  0.   2
    21   -2.292   -1.076      1.654  0.000    -0.34     1.38  0.  0.   2
    21    0.047    1.004     -1.825  0.000    -0.91    -2.28  0.  0.   2
    21   -0.482    0.237     -2.526  0.000    -0.91    -2.28  0.  0.   2
    21   -1.339   -0.505     -1.708  0.000    -0.91    -2.28  0.  0.   2
    21   -0.009    0.271     -1.015  0.000    -0.91    -2.28  0.  0.   2
    21   -1.011    0.027     -0.912  0.000    -0.91    -2.28  0.  0.   2
    21   -1.578    1.551     -1.657  0.000    -0.91    -2.28  0.  0.   2
    21    0.434    0.420     -0.796  0.000    -0.91    -2.28  0.  0.   2
    21   -1.226    0.711     -2.648  0.000    -0.91    -2.28  0.  0.   2
    21   -0.613   -0.675     -2.849  0.000    -0.91    -2.28  0.  0.   2
    21   -1.551   -0.953     -6.269  0.000    -0.91    -2.28  0.  0.   2
    21    1.083    1.591     -7.050  0.000    -0.91    -2.28  0.  0.   2
    21   -0.517    0.769     -2.069  0.000    -0.91    -2.28  0.  0.   2
    21    0.347   -0.305     -5.100  0.000    -0.91    -2.28  0.  0.   2
    21   -1.051   -0.455     -1.992  0.000    -0.91    -2.28  0.  0.   2
    21   -0.648    0.623     -3.616  0.000    -0.91    -2.28  0.  0.   2
    21   -0.868   -0.084     -0.857  0.000    -0.91    -2.28  0.  0.   2
    21    0.294   -0.238    -12.130  0.000    -0.91    -2.28  0.  0.   2
    21    0.189    0.372      0.133  0.000     0.93    -0.54  0.  0.   2
    21    0.467   -0.032     -3.772  0.000     0.93    -0.54  0.  0.   2
    21   -0.020   -1.067     -2.239  0.000     0.93    -0.54  0.  0.   2
    21    0.305   -0.123     -2.437  0.000     0.93    -0.54  0.  0.   2
    21   -0.912    0.942     -6.409  0.000     0.93    -0.54  0.  0.   2
    21   -0.443   -0.110     -0.437  0.000     0.93    -0.54  0.  0.   2
    21    4.161    3.469     -2.678  0.000     0.93    -0.54  0.  0.   2
    21    0.714   -0.858     -2.716  0.000    -1.42     2.64  0.  0.   2
    21   -0.496    0.406     -0.222  0.000    -1.42     2.64  0.  0.   2
    21   -0.545   -0.570     -1.047  0.000    -1.42     2.64  0.  0.   2
    21    0.657    1.546     -0.509  0.000    -3.73    -0.66  0.  0.   2
    21    0.212   -0.250     -0.407  0.000    -3.73    -0.66  0.  0.   2
    21    1.302   -0.465     -1.218  0.000    -3.73    -0.66  0.  0.   2
    21    0.008   -1.168     -0.218  0.000    -3.73    -0.66  0.  0.   2
    21    0.517   -1.081     -1.210  0.000    -3.73    -0.66  0.  0.   2
    21   -0.230    0.506     -3.598  0.000    -0.67     1.73  0.  0.   2
    21   -0.495   -0.511     -1.257  0.000    -0.67     1.73  0.  0.   2
    21    0.869    0.089     -2.819  0.000    -0.67     1.73  0.  0.   2
    21   -0.626    0.673     -3.873  0.000    -0.67     1.73  0.  0.   2
    21    0.457   -0.599     -0.781  0.000    -1.15     3.64  0.  0.   2
    21    0.554    0.059     -2.186  0.000    -1.15     3.64  0.  0.   2
    21    0.872   -2.498    -14.443  0.000    -1.15     3.64  0.  0.   2
    21    0.367    0.621     -0.946  0.000    -1.15     3.64  0.  0.   2
    21   -0.920   -0.919     -2.794  0.000    -1.15     3.64  0.  0.   2
    21    0.776    0.222     -2.217  0.000    -1.15     3.64  0.  0.   2
    21   -2.060    0.760    -15.641  0.000    -1.15     3.64  0.  0.   2
    21    0.418   -0.365     -2.396  0.000    -1.15     3.64  0.  0.   2
    21    1.089   -0.116      1.184  0.000    -1.15     3.64  0.  0.   2
    21    0.882   -0.647     -1.803  0.000    -1.15     3.64  0.  0.   2
    21    0.083    0.459     -0.010  0.000    -1.15     3.64  0.  0.   2
    21   -0.248   -0.139      0.622  0.000    -0.87    -4.12  0.  0.   2
    21    0.020    0.246     -1.072  0.000    -0.87    -4.12  0.  0.   2
    21   -9.941    0.967     -8.779  0.000    -0.87    -4.12  0.  0.   2
    21   -1.224   -0.445     -0.584  0.000    -0.87    -4.12  0.  0.   2
    21    0.206   -1.336     -4.328  0.000    -0.87    -4.12  0.  0.   2
    21   -0.769    0.142     -4.475  0.000    -0.87    -4.12  0.  0.   2
    21    0.186   -0.431     -3.752  0.000    -0.87    -4.12  0.  0.   2
    21   -1.128    0.021      2.500  0.000    -1.25    -1.99  0.  0.   2
    21    0.175   -0.098     -0.194  0.000    -1.25    -1.99  0.  0.   2
    21   -0.451    0.393     -2.059  0.000    -1.25    -1.99  0.  0.   2
    21   -2.286   -0.875     -7.056  0.000    -1.25    -1.99  0.  0.   2
    21    0.541    0.639     -5.399  0.000    -1.39    -2.09  0.  0.   2
    21    0.467    0.615     -7.454  0.000    -1.39    -2.09  0.  0.   2
    21    0.099   -0.425    -11.779  0.000    -1.39    -2.09  0.  0.   2
    21    1.018   -0.667    -11.994  0.000    -1.39    -2.09  0.  0.   2
    21    0.037   -0.743     -1.408  0.000    -1.39    -2.09  0.  0.   2
    21   -1.079   -1.017     -2.306  0.000    -1.39    -2.09  0.  0.   2
    21    1.061    0.266    -11.632  0.000    -1.39    -2.09  0.  0.   2
    21   -0.314   -0.295     -1.761  0.000    -1.39    -2.09  0.  0.   2
    21    1.691    0.927    -12.222  0.000    -1.39    -2.09  0.  0.   2
    21    1.008    1.231    -22.567  0.000    -1.39    -2.09  0.  0.   2
    21    0.842   -0.338     -0.982  0.000    -1.39    -2.09  0.  0.   2
    21    3.425    0.150      2.392  0.000    -5.52    -0.89  0.  0.   2
    21   -1.007    0.890     -4.214  0.000    -5.52    -0.89  0.  0.   2
    21    0.441    0.883     -1.454  0.000    -5.52    -0.89  0.  0.   2
    21   -0.128   -0.830     -3.716  0.000    -4.35    -1.19  0.  0.   2
    21    0.085    0.404     -5.797  0.000    -4.35    -1.19  0.  0.   2
    21   -0.547    0.138     -4.453  0.000    -4.35    -1.19  0.  0.   2
    21    0.421   -0.714     -0.560  0.000    -4.35    -1.19  0.  0.   2
    21   -2.726    0.387    -11.341  0.000    -4.35    -1.19  0.  0.   2
    21   -0.563   -0.965      0.548  0.000    -1.28     1.26  0.  0.   2
    21    0.394    0.622     -0.206  0.000    -1.28     1.26  0.  0.   2
    21    1.685    0.898     -4.341  0.000    -1.28     1.26  0.  0.   2
    21   -0.243    1.502     -5.457  0.000    -1.28     1.26  0.  0.   2
    21    0.774   -0.435     -0.083  0.000    -1.28     1.26  0.  0.   2
    21   -0.305   -0.619     -0.342  0.000    -1.28     1.26  0.  0.   2
    21   -0.253   -1.257     -2.912  0.000    -1.28     1.26  0.  0.   2
    21   -0.424    0.627     -3.006  0.000    -1.28     1.26  0.  0.   2
    21    0.356    0.279      0.079  0.000     1.82     2.50  0.  0.   2
    21   -0.308   -0.121     -1.117  0.000     1.82     2.50  0.  0.   2
    21    1.226   -0.255     -3.090  0.000     1.82     2.50  0.  0.   2
    21   -0.199    0.105      0.075  0.000     1.82     2.50  0.  0.   2
    21   -1.530    0.700     -4.879  0.000     1.82     2.50  0.  0.   2
    21   -0.218    0.372     -4.051  0.000     1.82     2.50  0.  0.   2
    21    0.613    0.248     -1.432  0.000     1.82     2.50  0.  0.   2
    21    3.376   -1.632      4.109  0.000     1.82     2.50  0.  0.   2
    21    0.205   -1.019     -2.695  0.000     1.82     2.50  0.  0.   2
    21   -0.115    0.273     -0.148  0.000     1.82     2.50  0.  0.   2
    21   -0.920    1.408     -4.738  0.000     1.82     2.50  0.  0.   2
    21   -0.056    0.236     -3.949  0.000     1.82     2.50  0.  0.   2
    21    0.095   -0.296     -0.733  0.000     1.82     2.50  0.  0.   2
    21   -0.334   -0.303     -0.928  0.000     1.82     2.50  0.  0.   2
    21    0.446    0.021     -1.945  0.000     1.82     2.50  0.  0.   2
    21   -0.634    0.643     -6.003  0.000     1.82     2.50  0.  0.   2
    21   -0.451   -0.666     -3.251  0.000     0.05     1.14  0.  0.   2
    21   -1.251    0.492     -3.117  0.000     0.05     1.14  0.  0.   2
    21    0.999    1.572    -11.035  0.000     0.05     1.14  0.  0.   2
    21   -0.223   -0.243     -0.502  0.000     1.52    -1.12  0.  0.   2
    21    1.680    0.976     -3.030  0.000     1.52    -1.12  0.  0.   2
    21    0.027   -1.218    -11.225  0.000     1.52    -1.12  0.  0.   2
    21    1.766    0.347      0.084  0.000     1.52    -1.12  0.  0.   2
    21   -0.454   -1.374      0.165  0.000     1.52    -1.12  0.  0.   2
    21    0.062   -0.253     -0.559  0.000     1.52    -1.12  0.  0.   2
    21   -1.184    0.965    -21.529  0.000     1.52    -1.12  0.  0.   2
    21    0.268    0.582     -1.460  0.000     1.52    -1.12  0.  0.   2
    21   -0.272    0.261     -0.219  0.000     1.52    -1.12  0.  0.   2
    21    1.283   -0.554      7.146  0.000     1.52    -1.12  0.  0.   2
    21    0.350   -0.504      0.738  0.000     1.52    -1.12  0.  0.   2
    21    0.452    0.929     -8.008  0.000     1.52    -1.12  0.  0.   2
    21   -2.065    4.014     -6.720  0.000     1.52    -1.12  0.  0.   2
    21   -0.165   -0.428     -0.009  0.000     1.52    -1.12  0.  0.   2
    21    0.005   -0.858      5.824  0.000     1.52    -1.12  0.  0.   2
    21   -2.292   -0.623     10.633  0.000     1.52    -1.12  0.  0.   2
    21   -0.345   -0.888     -0.455  0.000     1.52    -1.12  0.  0.   2
    21   -0.832   -0.073    -16.627  0.000     1.52    -1.12  0.  0.   2
    21    0.035   -0.585     -0.458  0.000     1.52    -1.12  0.  0.   2
    21    0.235    0.365     -0.969  0.000    -4.10    -0.65  0.  0.   2
    21    0.973    0.137     -7.099  0.000    -4.10    -0.65  0.  0.   2
    21   -0.501   -0.066     -3.648  0.000    -4.10    -0.65  0.  0.   2
    21    0.445    0.931     -0.077  0.000    -0.58     0.08  0.  0.   2
    21   -1.191    0.097     -5.124  0.000    -0.58     0.08  0.  0.   2
    21   -0.775    0.123     -0.743  0.000    -0.58     0.08  0.  0.   2
    21    0.320    0.791     -0.282  0.000    -0.58     0.08  0.  0.   2
    21   -0.375   -1.185     -2.206  0.000    -0.58     0.08  0.  0.   2
    21   -0.618    1.192      1.008  0.000    -3.19     1.33  0.  0.   2
    21    0.616   -0.345      0.138  0.000    -3.19     1.33  0.  0.   2
    21   -3.647    0.731      0.780  0.000     1.41     2.88  0.  0.   3
    21   -1.513    0.234     -1.246  0.000     1.41     2.88  0.  0.   3
    21   -1.252   -0.690     -7.279  0.000     1.41     2.88  0.  0.   3
    21    1.869   -0.135     -5.315  0.000     1.41     2.88  0.  0.   3
    21    1.165    1.787     -8.805  0.000     1.12    -1.89  0.  0.   3
    21    0.895    4.067    -23.422  0.000     1.12    -1.89  0.  0.   3
    21    0.377   -0.034     -1.996  0.000     1.12    -1.89  0.  0.   3
    21    0.300    0.296     -0.253  0.000     1.12    -1.89  0.  0.   3
    21    0.221   -0.453      3.569  0.000     1.12    -1.89  0.  0.   3
    21   -0.150    0.957     11.942  0.000     1.12    -1.89  0.  0.   3
    21    1.019   -1.195     16.605  0.000     1.12    -1.89  0.  0.   3
    21    0.932   -0.201      5.469  0.000     1.12    -1.89  0.  0.   3
    21   -0.802   -0.142      1.088  0.000     1.12    -1.89  0.  0.   3
    21   -0.164    0.681     -1.253  0.000     1.12    -1.89  0.  0.   3
    21    0.107   -0.428     -0.681  0.000     1.12    -1.89  0.  0.   3
    21   -1.690   -3.231      0.391  0.000     1.12    -1.89  0.  0.   3
    21   -1.547   -2.137      2.935  0.000     1.12    -1.89  0.  0.   3
    21   -0.577   -0.478     -0.433  0.000     1.12    -1.89  0.  0.   3
    21    0.592    0.248     -0.545  0.000     1.12    -1.89  0.  0.   3
    21   -0.959   -0.013      9.555  0.000     1.37    -0.29  0.  0.   3
    21    0.318    0.107     11.437  0.000     1.37    -0.29  0.  0.   3
    21    1.130   -0.279      5.873  0.000     1.37    -0.29  0.  0.   3
    21   -0.019    0.237     -0.372  0.000     1.37    -0.29  0.  0.   3
    21   -0.349    0.378     -2.918  0.000     1.37    -0.29  0.  0.   3
    21    1.789   -4.420    -22.913  0.000     1.37    -0.29  0.  0.   3
    21    1.036    1.166      4.043  0.000     1.37    -0.29  0.  0.   3
    21   -2.622    2.432     10.014  0.000     1.37    -0.29  0.  0.   3
    21    0.435    0.383     -1.902  0.000     1.37    -0.29  0.  0.   3
    21   -0.118   -0.563     -4.569  0.000     1.37    -0.29  0.  0.   3
    21   -0.274    0.120     -0.337  0.000     1.37    -0.29  0.  0.   3
    21   -0.553    0.949     -4.986  0.000     1.37    -0.29  0.  0.   3
     4    0.461    2.781      0.318  1.350    -2.99     1.02  0.  0.   3
    21   -1.088   -0.331      3.379  0.000    -2.99     1.02  0.  0.   3
    21    1.188    2.709      8.277  0.000    -2.99     1.02  0.  0.   3
    21   -0.546   -0.391      3.824  0.000    -2.99     1.02  0.  0.   3
    21    0.071   -0.677     -0.124  0.000    -2.99     1.02  0.  0.   3
    21   -0.431   -2.442    -11.866  0.000    -2.99     1.02  0.  0.   3
    -4   -0.958   -0.512      0.962  1.350    -2.99     1.02  0.  0.   3
     3    0.952   -0.956     -1.033  0.199    -1.85     3.73  0.  0.   3
    21    1.202    0.194      6.170  0.000    -1.85     3.73  0.  0.   3
    21    1.129   -0.405     -9.786  0.000    -1.85     3.73  0.  0.   3
    21    0.371   -0.422     -0.980  0.000    -1.85     3.73  0.  0.   3
    21    0.486    3.325     10.458  0.000    -1.85     3.73  0.  0.   3
    21   -0.701    0.096      0.705  0.000    -1.85     3.73  0.  0.   3
    21    0.004   -0.558     -0.018  0.000    -1.85     3.73  0.  0.   3
    21   -4.785    0.279    -14.237  0.000    -1.85     3.73  0.  0.   3
    21    0.477   -0.099     -2.854  0.000    -1.85     3.73  0.  0.   3
    -3    2.465   -1.054     -0.763  0.199    -1.85     3.73  0.  0.   3
     1   -0.309   -0.446      1.052  0.010    -3.06    -2.29  0.  0.   3
    21    0.000   -0.397      0.352  0.000    -3.06    -2.29  0.  0.   3
    21   -0.262    1.175    -10.685  0.000    -3.06    -2.29  0.  0.   3
    21   -1.967    0.090     -2.199  0.000    -3.06    -2.29  0.  0.   3
    21   -1.511   -2.001      0.437  0.000    -3.06    -2.29  0.  0.   3
    21   -0.888    0.388      0.253  0.000    -3.06    -2.29  0.  0.   3
    21   -0.476   -1.135     -4.391  0.000    -3.06    -2.29  0.  0.   3
    -1    1.569   -1.082      1.977  0.010    -3.06    -2.29  0.  0.   3
    21   -0.748   -1.802     -7.171  0.000    -0.23     0.14  0.  0.   3
    21   -0.094   -0.720     -2.097  0.000    -0.23     0.14  0.  0.   3
    21    1.132    0.494     -0.247  0.000    -0.23     0.14  0.  0.   3
    21    0.212   -1.481     -0.557  0.000    -0.23     0.14  0.  0.   3
    21    0.350    1.283     -1.089  0.000    -0.23     0.14  0.  0.   3
    21   -0.110   -0.346     -0.144  0.000    -0.23     0.14  0.  0.   3
    21    0.366    0.168      0.971  0.000    -0.23     0.14  0.  0.   3
    21   -1.230   -0.325      6.693  0.000    -0.23     0.14  0.  0.   3
    21   -0.502    4.004      1.143  0.000    -0.23     0.14  0.  0.   3
    21    0.886   -0.110     -2.734  0.000    -0.23     0.14  0.  0.   3
    21   -1.833   -0.176     -0.771  0.000    -0.91     2.34  0.  0.   3
    21   -0.340    0.001      0.016  0.000    -0.91     2.34  0.  0.   3
    21    2.047   -1.136      0.944  0.000    -0.91     2.34  0.  0.   3
    21   -0.897    0.698     -8.031  0.000    -0.91     2.34  0.  0.   3
    21    0.613   -0.764     -3.329  0.000    -0.91     2.34  0.  0.   3
    21   -0.291    0.870     -1.982  0.000    -0.91     2.34  0.  0.   3
    21    0.371   -0.284     -2.495  0.000    -0.91     2.34  0.  0.   3
    21   -1.157    0.288    -12.180  0.000    -0.91     2.34  0.  0.   3
    21    0.175    0.947     -7.823  0.000    -0.91     2.34  0.  0.   3
    21    0.341   -0.397      2.015  0.000    -0.67     1.53  0.  0.   3
    21    1.211    2.666     11.160  0.000    -0.67     1.53  0.  0.   3
    21   -0.338   -2.630      0.762  0.000    -0.67     1.53  0.  0.   3
    21    0.115   -1.019    -16.339  0.000    -0.67     1.53  0.  0.   3
    21    1.140   -0.126     10.314  0.000    -0.67     1.53  0.  0.   3
    21   -0.030    0.203      0.040  0.000    -0.67     1.53  0.  0.   3
    21    0.165    1.158     -2.279  0.000    -0.67     1.53  0.  0.   3
    21   -2.916   -0.166    -14.746  0.000    -0.67     1.53  0.  0.   3
    21   -0.159   -0.328     -4.446  0.000    -0.67     1.53  0.  0.   3
    21    1.486   -0.686      3.576  0.000    -3.88     0.54  0.  0.   3
    21    0.098    1.131      0.917  0.000    -3.88     0.54  0.  0.   3
    21    0.745    0.209      0.971  0.000    -3.88     0.54  0.  0.   3
    21    1.135    0.393     -0.793  0.000    -3.88     0.54  0.  0.   3
    21    2.098    1.467      0.308  0.000    -3.88     0.54  0.  0.   3
    21    0.027   -0.478     -0.266  0.000    -3.88     0.54  0.  0.   3
    21    0.125   -0.199     -1.001  0.000    -3.88     0.54  0.  0.   3
    21   -1.868   -0.176     -8.845  0.000    -3.88     0.54  0.  0.   3
    21   -0.609   -0.825     -8.298  0.000    -3.88     0.54  0.  0.   3
    21   -1.133    0.880     -3.555  0.000    -3.88     0.54  0.  0.   3
    21    0.262   -1.035     -4.375  0.000    -3.88     0.54  0.  0.   3
    21   -2.920   -1.916      0.712  0.000    -3.88     0.54  0.  0.   3
     2    0.301    0.533     -0.508  0.006    -2.33     1.73  0.  0.   3
    21    0.544   -0.552      0.092  0.000    -2.33     1.73  0.  0.   3
    21    0.727   -1.480      3.164  0.000    -2.33     1.73  0.  0.   3
    21   -1.664    1.106     -0.522  0.000    -2.33     1.73  0.  0.   3
    -2   -0.971   -0.456      0.528  0.006    -2.33     1.73  0.  0.   3
    21   -0.642    0.610      3.340  0.000     0.29    -2.27  0.  0.   3
    21   -0.354   -1.493      3.186  0.000     0.29    -2.27  0.  0.   3
    21    4.180    2.806     -9.144  0.000     0.29    -2.27  0.  0.   3
    21    1.296   -0.043     -5.362  0.000     0.29    -2.27  0.  0.   3
    21   -0.331   -0.261     -1.945  0.000     0.29    -2.27  0.  0.   3
    21   -0.140    0.724     -0.786  0.000     0.29    -2.27  0.  0.   3
    21   -0.816    0.929     -0.901  0.000     0.29    -2.27  0.  0.   3
    21   -0.631   -0.003      0.060  0.000     0.29    -2.27  0.  0.   3
    21    0.162    0.819     -0.898  0.000     0.29    -2.27  0.  0.   3
    21    0.243    0.085      2.345  0.000     2.16     2.13  0.  0.   3
    21   -0.264    0.022     -0.257  0.000     2.16     2.13  0.  0.   3
    21   -2.030    3.051     -1.505  0.000     2.16     2.13  0.  0.   3
    21   -0.136    0.140     -2.414  0.000     2.16     2.13  0.  0.   3
    21    0.314   -1.232     -8.898  0.000     2.16     2.13  0.  0.   3
    21    0.485    0.025     -0.419  0.000     2.16     2.13  0.  0.   3
    21    0.695    0.066      4.108  0.000     2.16     2.13  0.  0.   3
    21    0.189   -0.278     -0.221  0.000     2.16     2.13  0.  0.   3
    21   -0.518   -1.823     -7.558  0.000     2.16     2.13  0.  0.   3
    21    0.026    0.175     -2.276  0.000     2.16     2.13  0.  0.   3
    21   -0.245   -0.288     -0.041  0.000     2.16     2.13  0.  0.   3
     4    1.139    1.918     -2.106  1.350     1.70    -1.79  0.  0.   3
    21   -0.205   -0.309     -0.415  0.000     1.70    -1.79  0.  0.   3
    21    0.140   -0.073      0.044  0.000     1.70    -1.79  0.  0.   3
    21    0.943    0.446     -2.225  0.000     1.70    -1.79  0.  0.   3
    21   -0.029    0.701     -3.756  0.000     1.70    -1.79  0.  0.   3
    21   -0.413   -0.454     -0.640  0.000     1.70    -1.79  0.  0.   3
    21   -0.216   -1.082      4.071  0.000     1.70    -1.79  0.  0.   3
    21   -1.339   -0.648      8.960  0.000     1.70    -1.79  0.  0.   3
    21    1.270   -0.725      8.111  0.000     1.70    -1.79  0.  0.   3
    21   -0.383    0.408     -1.542  0.000     1.70    -1.79  0.  0.   3
    -4   -2.719    1.875     -3.078  1.350     1.70    -1.79  0.  0.   3
 7 0 197 64
    21    2.010   -1.124      4.174  0.000    -2.58     0.53  0.  0.   1
    21    0.019    0.018      3.383  0.000    -2.58     0.53  0.  0.   1
    21   -0.498    1.656      1.242  0.000    -2.58     0.53  0.  0.   1
    21   -0.058   -1.017      0.002  0.000    -2.58     0.53  0.  0.   1
    21    0.230   -0.453      0.606  0.000    -2.48    -1.35  0.  0.   1
    21   -0.892   -0.620      1.713  0.000    -2.48    -1.35  0.  0.   1
    21   -1.091   -0.184      5.828  0.000    -2.48    -1.35  0.  0.   1
    21    0.838    0.766      3.194  0.000    -1.06    -0.05  0.  0.   1
    21    0.007   -0.329      0.388  0.000    -1.06    -0.05  0.  0.   1
    21   -0.233   -0.592      4.569  0.000    -1.48     0.76  0.  0.   1
    21   -0.500    1.004      4.572  0.000    -1.48     0.76  0.  0.   1
    21    1.142   -0.115     -3.073  0.000    -2.07    -0.40  0.  0.   2
    21   -1.495   -1.092    -12.480  0.000    -2.62    -1.79  0.  0.   2
    21   -1.275   -0.952     -3.761  0.000    -2.62    -1.79  0.  0.   2
    21    0.434   -0.582    -12.556  0.000    -2.62    -1.79  0.  0.   2
    21   -0.260   -0.837     -4.222  0.000    -2.62    -1.79  0.  0.   2
    21   -0.069   -1.019     -0.698  0.000    -2.47     0.08  0.  0.   2
    21    0.535   -0.318      0.813  0.000    -2.47     0.08  0.  0.   2
    21   -0.294   -0.423     -9.801  0.000    -2.47     0.08  0.  0.   2
    21    1.319    0.972    -15.857  0.000    -2.47     0.08  0.  0.   2
    21    0.300   -0.344     -1.242  0.000    -2.47     0.08  0.  0.   2
    21    0.137    0.146     -0.236  0.000    -2.47     0.08  0.  0.   2
    21    0.474    1.088      6.457  0.000     0.31     0.52  0.  0.   3
    21    0.602   -0.257      1.124  0.000     0.31     0.52  0.  0.   3
    21   -0.314    0.617      0.499  0.000     0.31     0.52  0.  0.   3
    21    1.156   -0.546     -0.035  0.000     0.31     0.52  0.  0.   3
    21    0.569   -0.084      1.255  0.000     0.31     0.52  0.  0.   3
    21   -2.128   -0.180     -7.881  0.000     0.31     0.52  0.  0.   3
    21    0.783   -0.696     -1.557  0.000     0.31     0.52  0.  0.   3
    21   -1.121    0.052     -4.092  0.000     0.31     0.52  0.  0.   3
    21   -0.234    0.344      0.012  0.000    -0.50     0.94  0.  0.   3
    21    1.859    1.151      1.327  0.000    -0.50     0.94  0.  0.   3
    21    0.241   -0.213      0.659  0.000    -0.50     0.94  0.  0.   3
    21   -0.035   -0.143     -0.133  0.000    -0.50     0.94  0.  0.   3
    21    0.749    2.644      0.117  0.000    -0.50     0.94  0.  0.   3
    21   -0.221    2.086     -1.618  0.000    -0.50     0.94  0.  0.   3
    21   -0.410   -1.366     -5.348  0.000    -0.50     0.94  0.  0.   3
    21   -0.775   -3.436     24.397  0.000    -0.50     0.94  0.  0.   3
    21   -0.878   -0.690     -0.302  0.000    -0.50     0.94  0.  0.   3
    21   -0.191    0.101     10.673  0.000    -2.33     0.07  0.  0.   3
    21    0.205    1.908     21.891  0.000    -2.33     0.07  0.  0.   3
    21   -0.497    0.002      0.991  0.000    -2.33     0.07  0.  0.   3
    21    0.288    0.010      0.192  0.000    -2.33     0.07  0.  0.   3
    21    0.807    1.028      0.843  0.000    -2.33     0.07  0.  0.   3
    21    0.805    0.160      1.997  0.000    -2.33     0.07  0.  0.   3
    21   -0.187   -0.729      1.858  0.000    -2.33     0.07  0.  0.   3
    21   -0.987   -2.865     -7.882  0.000    -2.33     0.07  0.  0.   3
    21    0.246   -0.606     -0.479  0.000    -2.33     0.07  0.  0.   3
    21    1.795    0.928    -13.090  0.000    -2.33     0.07  0.  0.   3
    21   -0.047   -0.156      0.113  0.000    -2.33     0.07  0.  0.   3
    21   -0.898    0.044     -2.836  0.000    -2.33     0.07  0.  0.   3
    21   -1.485   -0.430     -1.293  0.000    -2.33     0.07  0.  0.   3
 8 0 197 64
    21   -0.213    1.043     20.003  0.000    -1.23    -1.42  0.  0.   1
    21   -0.228   -0.807      0.253  0.000    -1.23    -1.42  0.  0.   1
    21    2.149   -0.698     -1.347  0.000    -1.23    -1.42  0.  0.   1
    21    0.767   -1.472      1.998  0.000    -1.23    -1.42  0.  0.   1
    21   -0.197    0.273      0.349  0.000    -1.23    -1.42  0.  0.   1
    21   -0.840   -1.104      2.791  0.000    -1.23    -1.42  0.  0.   1
    21    1.113   -0.049      2.771  0.000    -1.23    -1.42  0.  0.   1
    21    2.796   -1.301      4.375  0.000    -1.23    -1.42  0.  0.   1
    21    0.277   -0.010      0.382  0.000     0.60    -0.03  0.  0.   1
    21   -0.130   -1.014      5.809  0.000     0.60    -0.03  0.  0.   1
    21    1.224   -0.042     -3.699  0.000    -0.95     0.10  0.  0.   2
    21    0.826    0.862      0.037  0.000    -0.95     0.10  0.  0.   2
    21   -0.966    0.220     -0.056  0.000    -0.95     0.10  0.  0.   2
    21   -3.821   -1.728     -3.042  0.000    -0.95     0.10  0.  0.   2
    21   -0.143    0.260      0.081  0.000    -0.95     0.10  0.  0.   2
    21   -0.451    0.075     -0.690  0.000    -2.05    -2.56  0.  0.   2
    21   -0.898    0.559     -4.945  0.000    -2.32     1.56  0.  0.   2
    21   -1.346    1.277     -3.584  0.000    -2.32     1.56  0.  0.   2
    21    0.587    0.104      0.287  0.000    -2.32     1.56  0.  0.   2
    21   -0.442    1.075     -5.032  0.000    -2.32     1.56  0.  0.   2
     3    2.062    0.260      5.544  0.199    -1.33    -0.87  0.  0.   3
    21    0.026    1.291      6.091  0.000    -1.33    -0.87  0.  0.   3
    21   -0.922   -0.581      1.034  0.000    -1.33    -0.87  0.  0.   3
    21    0.564    0.508     -0.821  0.000    -1.33    -0.87  0.  0.   3
    21   -0.651    1.737     -0.232  0.000    -1.33    -0.87  0.  0.   3
    -3   -0.379   -2.133      0.339  0.199    -1.33    -0.87  0.  0.   3
 9 0 197 64
    21    2.243   -1.377      3.908  0.000     0.33     1.34  0.  0.   1
    21   -0.209   -0.640     11.222  0.000     0.33     1.34  0.  0.   1
    21    0.556    0.130      8.671  0.000     0.33     1.34  0.  0.   1
    21    1.033    0.924      4.084  0.000     0.33     1.34  0.  0.   1
    21    0.185    1.105      0.698  0.000     0.33     1.34  0.  0.   1
    21   -1.709   -0.585      6.738  0.000     0.33     1.34  0.  0.   1
     1   -0.014   -1.314      5.301  0.010     0.33     1.34  0.  0.   1
    -1    0.319   -0.703      1.878  0.010     0.33     1.34  0.  0.   1
    21    0.071    0.538      2.013  0.000     0.33     1.34  0.  0.   1
    21   -0.360    1.177      1.159  0.000     0.33     1.34  0.  0.   1
    21    0.063   -0.737      1.447  0.000     1.69    -0.36  0.  0.   1
    21    0.692    0.013      0.289  0.000     1.69    -0.36  0.  0.   1
    21    0.045   -0.653     -0.899  0.000     1.69    -0.36  0.  0.   1
    21   -0.402    0.226      0.479  0.000     1.69    -0.36  0.  0.   1
    21    1.296    4.883      3.405  0.000     1.69    -0.36  0.  0.   1
    21   -0.318   -0.258      0.136  0.000    -0.13    -0.22  0.  0.   1
    21   -0.845    0.244      4.772  0.000    -0.13    -0.22  0.  0.   1
    21    0.242   -0.368      1.707  0.000    -0.13    -0.22  0.  0.   1
    21   -0.095    0.317      0.173  0.000    -0.13    -0.22  0.  0.   1
    21   -2.195    1.476      2.185  0.000    -0.13    -0.22  0.  0.   1
    21   -0.691   -0.637      0.817  0.000    -0.22     1.53  0.  0.   1
    21    1.275    0.084     -0.032  0.000     0.53    -0.48  0.  0.   1
    21    1.115   -0.253      0.909  0.000     0.53    -0.48  0.  0.   1
    21    0.961   -0.298      5.801  0.000    -2.98     2.29  0.  0.   1
    21   -0.471    0.204      0.025  0.000    -2.98     2.29  0.  0.   1
    21    0.671    0.209      2.387  0.000    -2.98     2.29  0.  0.   1
    21    1.528    0.192      0.545  0.000    -2.98     2.29  0.  0.   1
    21   -0.474    0.343      4.007  0.000    -2.98     2.29  0.  0.   1
    21   -0.024   -0.482      0.431  0.000    -2.98     2.29  0.  0.   1
    21    1.477   -0.875      1.465  0.000    -2.98     2.29  0.  0.   1
    21    1.622    0.189     -0.377  0.000    -2.98     2.29  0.  0.   1
    21    2.600   -0.452      1.274  0.000    -2.98     2.29  0.  0.   1
    21    0.260   -0.147      1.155  0.000    -2.36    -2.78  0.  0.   1
    21   -1.978    1.442      8.194  0.000    -2.36    -2.78  0.  0.   1
    21   -0.595   -0.780      8.359  0.000    -2.36    -2.78  0.  0.   1
    21   -0.813    0.286      1.070  0.000    -2.36    -2.78  0.  0.   1
    21   -0.412    1.265      4.558  0.000    -3.18     0.17  0.  0.   1
    21    3.640   -0.223      6.095  0.000    -3.18     0.17  0.  0.   1
    21   -0.682    0.336      3.046  0.000    -3.18     0.17  0.  0.   1
    21   -1.567    1.627     -0.012  0.000     0.05    -1.92  0.  0.   1
    21    0.031    0.039     -0.076  0.000     0.05    -1.92  0.  0.   1
    21    0.037   -1.122      3.059  0.000     0.05    -1.92  0.  0.   1
    21    0.061    0.715      3.493  0.000     0.05    -1.92  0.  0.   1
    21   -0.384    0.183      1.630  0.000    -0.37     1.68  0.  0.   1
    21   -0.310   -0.853      1.605  0.000    -0.37     1.68  0.  0.   1
    21    1.125   -1.494      4.361  0.000    -0.37     1.68  0.  0.   1
    21   -0.652    0.727      5.264  0.000    -0.37     1.68  0.  0.   1
    21   -0.145   -0.562      1.082  0.000    -0.37     1.68  0.  0.   1
    21   -0.888    0.655      1.933  0.000    -0.37     1.68  0.  0.   1
    21    0.920   -1.056     -4.919  0.000    -0.37     1.68  0.  0.   1
    21    2.130    0.185     -2.893  0.000    -0.37     1.68  0.  0.   1
    21   -0.200   -1.063      3.339  0.000    -0.37     1.68  0.  0.   1
    21   -3.361    0.697     13.852  0.000    -0.37     1.68  0.  0.   1
    21   -0.850   -0.423      2.446  0.000    -0.37     1.68  0.  0.   1
    21   -1.219   -0.137      4.729  0.000    -0.17     1.84  0.  0.   1
    21    2.733   -3.716      1.475  0.000    -0.17     1.84  0.  0.   1
    21   -0.089    2.152     -4.189  0.000    -2.39    -2.54  0.  0.   1
    21    0.280   -1.107      4.527  0.000    -2.39    -2.54  0.  0.   1
    21    0.502    0.192      1.304  0.000    -2.39    -2.54  0.  0.   1
    21   -0.655   -0.909      2.831  0.000    -2.39    -2.54  0.  0.   1
    21    1.209    0.502      0.989  0.000    -2.39    -2.54  0.  0.   1
    21    0.254    1.563      5.078  0.000    -2.39    -2.54  0.  0.   1
    21   -0.326   -0.070      2.147  0.000    -2.39    -2.54  0.  0.   1
    21    0.494    0.612     12.659  0.000    -0.65     3.28  0.  0.   1
    21    1.310    1.811     13.368  0.000    -0.65     3.28  0.  0.   1
    21   -0.846   -0.168      3.315  0.000    -0.65     3.28  0.  0.   1
    21    0.105   -0.470      4.409  0.000    -0.65     3.28  0.  0.   1
    21    1.528   -1.586      1.621  0.000     0.13    -6.35  0.  0.   1
    21   -0.593    0.600      0.600  0.000     0.13    -6.35  0.  0.   1
    21   -3.528   -2.997      3.362  0.000     0.13    -6.35  0.  0.   1
    21   -3.726   -0.757      5.542  0.000     0.13    -6.35  0.  0.   1
    21    0.339    0.002      0.283  0.000     0.13    -6.35  0.  0.   1
    21   -0.454    1.255     -1.539  0.000     0.13    -6.35  0.  0.   1
    21    0.630    0.065     -0.901  0.000     0.13    -6.35  0.  0.   1
    21    1.960   -2.355     -5.112  0.000     0.13    -6.35  0.  0.   1
    21    1.413    1.082      5.704  0.000    -1.97     0.12  0.  0.   1
    21    0.169    0.186      4.843  0.000    -1.97     0.12  0.  0.   1
    21    1.398    0.320      1.309  0.000    -1.97     0.12  0.  0.   1
    21    0.456   -1.000      9.060  0.000    -2.58     1.86  0.  0.   1
    21    1.013   -1.008      5.396  0.000    -2.58     1.86  0.  0.   1
    21   -0.372    0.187      0.819  0.000    -2.58     1.86  0.  0.   1
    21    0.263   -0.297      0.330  0.000    -2.58     1.86  0.  0.   1
    21   -0.587    0.642     16.627  0.000    -2.58     1.86  0.  0.   1
    21   -1.576    1.306      3.040  0.000    -2.58     1.86  0.  0.   1
    21    0.401   -0.169     -0.539  0.000    -2.47    -2.70  0.  0.   2
    21   -1.066    0.384      1.522  0.000    -2.47    -2.70  0.  0.   2
    21    0.093    0.287      0.002  0.000    -2.47    -2.70  0.  0.   2
    21    0.864   -0.791     -5.009  0.000    -2.47    -2.70  0.  0.   2
    21    1.270    2.292    -32.355  0.000    -2.47    -2.70  0.  0.   2
    21   -0.871   -0.612     -4.469  0.000    -2.47    -2.70  0.  0.   2
    21    0.348   -0.123      0.002  0.000    -3.12    -2.65  0.  0.   2
    21    0.461    0.009     -3.197  0.000    -3.12    -2.65  0.  0.   2
    21   -0.653    0.231    -10.110  0.000    -3.12    -2.65  0.  0.   2
    21   -0.496    0.412     -0.960  0.000    -3.12    -2.65  0.  0.   2
    21    1.478   -0.543      2.836  0.000    -0.19    -1.00  0.  0.   2
    21    0.353    0.279     -1.233  0.000    -1.30    -0.99  0.  0.   2
    21   -0.213    0.580     -1.761  0.000    -1.30    -0.99  0.  0.   2
    21   -0.261   -0.168    -12.721  0.000    -1.30    -0.99  0.  0.   2
    21    0.316   -0.988     -2.460  0.000    -4.35    -1.37  0.  0.   2
    21   -3.184   -1.153    -14.999  0.000    -4.35    -1.37  0.  0.   2
    21    0.334   -0.720     -4.355  0.000    -0.44     0.50  0.  0.   2
    21   -0.539    0.333     -1.062  0.000    -0.44     0.50  0.  0.   2
    21    0.479    0.053     -0.029  0.000    -0.44     0.50  0.  0.   2
    21    0.260   -1.501     -3.245  0.000    -0.44     0.50  0.  0.   2
    21    0.459    0.261     -2.718  0.000    -0.44     0.50  0.  0.   2
    21   -0.368   -0.175     -0.283  0.000    -0.44     0.50  0.  0.   2
    21    1.321   -0.305     -1.019  0.000    -0.44     0.50  0.  0.   2
    21   -0.697    2.679     -9.935  0.000     0.61    -4.29  0.  0.   2
    21    1.884    3.219    -12.962  0.000     0.61    -4.29  0.  0.   2
    21   -0.360   -0.250     -4.334  0.000     0.61    -4.29  0.  0.   2
    21    0.662   -0.433     -0.440  0.000     0.61    -4.29  0.  0.   2
    21    1.013   -0.132     -3.499  0.000     0.61    -4.29  0.  0.   2
    21   -3.164   -3.602      0.852  0.000    -1.94    -1.61  0.  0.   2
    21    1.020    0.673    -12.957  0.000    -1.94    -1.61  0.  0.   2
    21    0.170   -0.494      0.013  0.000    -1.94    -1.61  0.  0.   2
    21    0.267    0.472     -0.365  0.000    -3.01     1.36  0.  0.   2
    21    0.731   -0.960     -3.925  0.000    -3.01     1.36  0.  0.   2
    21    1.192   -0.091      0.740  0.000    -2.41     3.36  0.  0.   2
    21   -1.549    0.871     -6.207  0.000    -2.41     3.36  0.  0.   2
    21    0.115    0.272     -0.197  0.000    -2.41     3.36  0.  0.   2
    21   -0.212   -0.293     -0.375  0.000    -2.41     3.36  0.  0.   2
    21   -0.785   -1.064      1.006  0.000    -2.41     3.36  0.  0.   2
    21    0.063   -0.614     -0.147  0.000    -4.00    -2.37  0.  0.   2
    21   -0.174   -0.381     -1.091  0.000    -4.00    -2.37  0.  0.   2
    21    0.776    1.547     -5.779  0.000    -4.00    -2.37  0.  0.   2
    21    1.169   -2.124     -1.928  0.000    -4.00    -2.37  0.  0.   2
    21   -0.908    0.806    -11.615  0.000    -4.00    -2.37  0.  0.   2
    21   -0.673    1.740      4.844  0.000     0.27     1.82  0.  0.   2
    21    2.317   -0.757      1.441  0.000    -0.89     1.25  0.  0.   2
    21    1.355    1.029      0.487  0.000    -0.89     1.25  0.  0.   2
    21   -0.944    0.631      0.972  0.000    -0.89     1.25  0.  0.   2
    21   -3.733    0.670     -3.441  0.000    -0.89     1.25  0.  0.   2
    21    0.468    0.103     -0.853  0.000    -0.89     1.25  0.  0.   2
    21    0.318    0.009     -5.806  0.000    -0.89     1.25  0.  0.   2
    21    0.281   -1.800    -10.232  0.000    -0.89     1.25  0.  0.   2
    21   -0.935   -0.302     -2.340  0.000    -0.50     1.44  0.  0.   2
    21    0.177   -0.898     -0.816  0.000    -0.50     1.44  0.  0.   2
    21   -0.662    0.522      4.025  0.000    -0.50     1.44  0.  0.   2
    21    0.235    1.104     -6.894  0.000    -0.50     1.44  0.  0.   2
    21   -0.037    0.771     -4.149  0.000    -0.50     1.44  0.  0.   2
    21    0.297   -1.021     -6.426  0.000    -0.50     1.44  0.  0.   2
    21    0.212   -0.380     -0.867  0.000    -0.50     1.44  0.  0.   2
    21   -0.335    0.158      0.485  0.000    -0.50     1.44  0.  0.   2
     2    0.701    0.060     -1.479  0.006    -0.50     1.44  0.  0.   2
    -2    2.618   -2.333     -2.772  0.006    -0.50     1.44  0.  0.   2
    21   -1.766    0.597     -1.165  0.000    -0.50     1.44  0.  0.   2
    21    0.310    0.656     -1.160  0.000    -0.50     1.44  0.  0.   2
    21    5.764    0.953     -9.852  0.000    -0.50     1.44  0.  0.   2
    21   -0.290   -0.137      0.153  0.000    -0.50     1.44  0.  0.   2
    21   -0.468    0.688    -16.095  0.000    -0.50     1.44  0.  0.   2
    21   -0.456   -0.346     -8.098  0.000    -0.50     1.44  0.  0.   2
    21   -0.688    0.451     -1.653  0.000    -0.50     1.44  0.  0.   2
    21   -3.110    1.451      4.443  0.000    -3.62     1.74  0.  0.   2
    21   -0.683   -1.310      2.752  0.000    -3.62     1.74  0.  0.   2
    21    0.566    1.438      1.747  0.000    -3.62     1.74  0.  0.   2
    21   -0.554    1.496     -1.808  0.000    -3.62     1.74  0.  0.   2
    21   -1.502   -2.091     -7.514  0.000    -3.62     1.74  0.  0.   2
    21   -0.086    0.273     -0.134  0.000    -3.14     0.00  0.  0.   2
    21    0.154    0.187      0.024  0.000    -3.14     0.00  0.  0.   2
    21   -0.382    0.099      0.755  0.000     1.13    -4.55  0.  0.   3
    21    0.403   -0.676     14.232  0.000     1.13    -4.55  0.  0.   3
    21   -0.695   -0.204     10.194  0.000     1.13    -4.55  0.  0.   3
    21    0.097   -0.336      1.424  0.000     1.13    -4.55  0.  0.   3
    21    0.356    0.256     -1.162  0.000     1.13    -4.55  0.  0.   3
    21    1.912   -2.264     -0.905  0.000     1.13    -4.55  0.  0.   3
    21   -0.552   -0.035    -13.005  0.000     1.13    -4.55  0.  0.   3
    21    0.537    0.174     -0.499  0.000     1.13    -4.55  0.  0.   3
    21   -0.122    0.109     -0.045  0.000     1.13    -4.55  0.  0.   3
    21   -1.948    2.463      7.751  0.000     1.13    -4.55  0.  0.   3
    21    0.382   -0.115      0.406  0.000     1.13    -4.55  0.  0.   3
    21    0.245   -1.001    -12.617  0.000    -0.43    -1.24  0.  0.   3
    21   -1.794   -0.295     -8.121  0.000    -0.43    -1.24  0.  0.   3
    21   -0.243    0.387      0.102  0.000    -0.43    -1.24  0.  0.   3
    21   -0.117    0.184      6.898  0.000    -0.43    -1.24  0.  0.   3
    21    0.710   -0.068      2.809  0.000    -0.43    -1.24  0.  0.   3
    21    0.187    1.296      2.841  0.000    -0.43    -1.24  0.  0.   3
    21    0.743   -0.298      0.826  0.000    -0.43    -1.24  0.  0.   3
    21   -0.118   -0.741     -0.333  0.000    -0.43    -1.24  0.  0.   3
    21   -0.031   -0.009      0.488  0.000    -0.43    -1.24  0.  0.   3
    21    1.188   -0.447      0.157  0.000    -0.43    -1.24  0.  0.   3
    21    0.499   -0.868     -2.279  0.000    -0.43    -1.24  0.  0.   3
    21    0.471    0.936      3.915  0.000    -1.43     3.50  0.  0.   3
    21   -0.340   -1.543      8.279  0.000    -1.43     3.50  0.  0.   3
    21   -0.707   -1.880      2.992  0.000    -1.43     3.50  0.  0.   3
    21    0.083    1.425     -2.430  0.000    -1.43     3.50  0.  0.   3
    21    0.045    1.560    -24.399  0.000    -1.43     3.50  0.  0.   3
    21   -0.991   -0.772     -3.232  0.000    -2.93    -0.33  0.  0.   3
    21   -1.066    0.447      0.234  0.000    -2.93    -0.33  0.  0.   3
    21    1.948    1.592     -5.617  0.000    -2.93    -0.33  0.  0.   3
    21   -0.158   -0.552      0.524  0.000    -2.93    -0.33  0.  0.   3
    21    0.870   -0.527     -0.398  0.000    -2.93    -0.33  0.  0.   3
    21    0.040    0.205      0.510  0.000    -2.93    -0.33  0.  0.   3
    21   -1.421   -0.606     -0.230  0.000    -2.93    -0.33  0.  0.   3
    21    0.243    0.306     -0.167  0.000    -2.42    -2.74  0.  0.   3
    21   -0.021   -0.297     -0.042  0.000    -2.42    -2.74  0.  0.   3
    21    0.261   -0.309     -1.173  0.000    -2.42    -2.74  0.  0.   3
    21   -1.041    0.128      3.685  0.000    -2.42    -2.74  0.  0.   3
    21   -0.708   -0.748     -0.666  0.000    -2.42    -2.74  0.  0.   3
    21   -1.183    0.969      1.554  0.000    -2.42    -2.74  0.  0.   3
    21   -0.189   -0.252      2.090  0.000    -2.42    -2.74  0.  0.   3
    21    1.505   -0.215     -0.776  0.000    -2.42    -2.74  0.  0.   3
    21    0.263    1.283     -0.198  0.000    -2.42    -2.74  0.  0.   3
    21    0.387    0.162      0.498  0.000    -2.42    -2.74  0.  0.   3
    21    0.983   -2.931     -6.484  0.000    -2.42    -2.74  0.  0.   3
     2   -0.233   -0.664     -0.422  0.006    -3.76    -0.60  0.  0.   3
    21    0.751   -1.100      0.408  0.000    -3.76    -0.60  0.  0.   3
    21    0.552    2.439     -3.708  0.000    -3.76    -0.60  0.  0.   3
    21   -0.413    0.224     -2.350  0.000    -3.76    -0.60  0.  0.   3
    21   -1.833   -1.646     -3.066  0.000    -3.76    -0.60  0.  0.   3
    21   -0.081   -0.026      0.146  0.000    -3.76    -0.60  0.  0.   3
    21    0.241    2.602     17.929  0.000    -3.76    -0.60  0.  0.   3
    21   -1.633    0.999     14.409  0.000    -3.76    -0.60  0.  0.   3
    21   -0.848   -0.023      4.604  0.000    -3.76    -0.60  0.  0.   3
    -2    1.620   -0.685     -0.149  0.006    -3.76    -0.60  0.  0.   3
    21    0.556   -1.145      3.598  0.000    -1.45     0.78  0.  0.   3
    21    0.192    0.086     -0.033  0.000    -1.45     0.78  0.  0.   3
    21    0.625   -1.723    -10.360  0.000    -1.45     0.78  0.  0.   3
    21   -1.269   -0.546     -8.532  0.000    -1.45     0.78  0.  0.   3
    21   -0.054   -0.537     -0.707  0.000    -1.45     0.78  0.  0.   3
    21    0.986    0.035      3.700  0.000    -1.45     0.78  0.  0.   3
    21    1.512    2.951      1.462  0.000    -1.45     0.78  0.  0.   3
    21   -1.075   -0.228      5.318  0.000    -1.45     0.78  0.  0.   3
    21    0.140    0.640      0.656  0.000    -1.45     0.78  0.  0.   3
     1   -0.085   -0.745     -0.299  0.010     0.05     1.83  0.  0.   3
    -2    0.620   -0.372      6.828  0.006     0.05     1.83  0.  0.   3
     2    1.655    0.544      0.849  0.006     0.05     1.83  0.  0.   3
    21   -0.076    1.066     -4.142  0.000     0.05     1.83  0.  0.   3
    21    0.483    0.172     -0.546  0.000     0.05     1.83  0.  0.   3
    21   -0.504   -0.223      1.263  0.000     0.05     1.83  0.  0.   3
    21   -1.236    0.708      0.942  0.000     0.05     1.83  0.  0.   3
    21    0.885   -0.802     -3.968  0.000     0.05     1.83  0.  0.   3
    -1   -0.226    0.185     -1.238  0.010     0.05     1.83  0.  0.   3
     3    0.868    2.702      4.553  0.199    -0.37    -2.30  0.  0.   3
    21   -0.423   -1.002     -2.374  0.000    -0.37    -2.30  0.  0.   3
    21    3.074   -1.272     -3.282  0.000    -0.37    -2.30  0.  0.   3
    21   -0.692   -0.215     -8.311  0.000    -0.37    -2.30  0.  0.   3
    21   -0.495    0.562     -1.706  0.000    -0.37    -2.30  0.  0.   3
    21    1.335   -0.721     16.830  0.000    -0.37    -2.30  0.  0.   3
    21   -0.127    0.122      0.082  0.000    -0.37    -2.30  0.  0.   3
    -3   -1.219   -0.275      3.347  0.199    -0.37    -2.30  0.  0.   3
 10 0 197 64
    21    0.111    1.552      4.594  0.000    -0.70    -1.37  0.  0.   1
    21    0.136   -1.274      2.325  0.000    -0.70    -1.37  0.  0.   1
    21   -1.063   -1.824      8.019  0.000    -0.70    -1.37  0.  0.   1
    21    0.656    0.032     -0.068  0.000    -0.70    -1.37  0.  0.   1
    21    2.319   -1.117      3.669  0.000    -0.70    -1.37  0.  0.   1
    21    0.214   -0.431     -0.444  0.000    -2.28    -1.40  0.  0.   2
    21   -0.695    0.280      0.170  0.000    -2.28    -1.40  0.  0.   2
    21    0.599    0.724    -18.399  0.000    -2.28    -1.40  0.  0.   2
    21   -0.251    0.133    -27.681  0.000    -2.28    -1.40  0.  0.   2
    21   -0.399    1.348    -12.872  0.000    -2.28    -1.40  0.  0.   2
    21    0.289    0.161      5.757  0.000    -2.28    -1.40  0.  0.   2
    21   -2.475    1.293      3.837  0.000    -2.28    -1.40  0.  0.   2
    21    0.910    0.690     -1.182  0.000    -2.28    -1.40  0.  0.   2
    21    2.084   -0.655    -13.257  0.000    -2.28    -1.40  0.  0.   2
    21   -0.068   -0.337      0.356  0.000    -2.28    -1.40  0.  0.   2
