    -9.80000      0.00000
    -9.40000      0.00000
    -9.00000      0.00000
    -8.60000      0.00000
    -8.20000      0.00000
    -7.80000      0.00000
    -7.40000      0.00000
    -7.00000      0.00000
    -6.60000      0.00000
    -6.20000      0.00000
    -5.80000      0.00000
    -5.40000      2.50000
    -5.00000      2.50000
    -4.60000     15.00000
    -4.20000     15.00000
    -3.80000     35.00000
    -3.40000     62.50000
    -3.00000     45.00000
    -2.60000     77.50000
    -2.20000     85.00000
    -1.80000     92.50000
    -1.40000     92.50000
    -1.00000     75.00000
    -0.60000     70.00000
    -0.20000    102.50000
     0.20000     50.00000
     0.60000     95.00000
     1.00000     87.50000
     1.40000     72.50000
     1.80000     75.00000
     2.20000     70.00000
     2.60000     47.50000
     3.00000     32.50000
     3.40000     37.50000
     3.80000     25.00000
     4.20000     32.50000
     4.60000      5.00000
     5.00000      5.00000
     5.40000      2.50000
     5.80000      0.00000
     6.20000      0.00000
     6.60000      0.00000
     7.00000      0.00000
     7.40000      0.00000
     7.80000      0.00000
     8.20000      0.00000
     8.60000      0.00000
     9.00000      0.00000
     9.40000      0.00000
     9.80000      0.00000
 after hadron evolution
    -9.80000      0.00000
    -9.40000      0.00000
    -9.00000      0.00000
    -8.60000      0.00000
    -8.20000      0.00000
    -7.80000      0.00000
    -7.40000      0.00000
    -7.00000      0.00000
    -6.60000      0.00000
    -6.20000      2.50000
    -5.80000      2.50000
    -5.40000      2.50000
    -5.00000      5.00000
    -4.60000     37.50000
    -4.20000     37.50000
    -3.80000     62.50000
    -3.40000     72.50000
    -3.00000    110.00000
    -2.60000    130.00000
    -2.20000    142.50000
    -1.80000    110.00000
    -1.40000    127.50000
    -1.00000    152.50000
    -0.60000    137.50000
    -0.20000    165.00000
     0.20000    125.00000
     0.60000    132.50000
     1.00000    127.50000
     1.40000    135.00000
     1.80000    122.50000
     2.20000    120.00000
     2.60000     75.00000
     3.00000     52.50000
     3.40000     45.00000
     3.80000     42.50000
     4.20000     50.00000
     4.60000     12.50000
     5.00000     12.50000
     5.40000      7.50000
     5.80000      0.00000
     6.20000      0.00000
     6.60000      0.00000
     7.00000      0.00000
     7.40000      0.00000
     7.80000      0.00000
     8.20000      0.00000
     8.60000      0.00000
     9.00000      0.00000
     9.40000      0.00000
     9.80000      0.00000
